5310.1 4079.0 5273.2 4037.7 5504.3 3831.2 5541.2 3872.5 阿利·伯克级 0
5235.1 3013.9 5165.2 2701.2 5214.1 2690.2 5284.0 3003.0 阿利·伯克级 0
5186.8 3043.7 5116.2 2728.2 5168.4 2716.5 5239.0 3032.0 阿利·伯克级 0
5144.9 3066.6 5065.2 2710.2 5117.3 2698.5 5197.0 3055.0 提康德罗加级 0
5483.1 2943.3 5412.2 2626.2 5467.1 2613.9 5538.0 2931.0 阿利·伯克级 0
5629.7 2893.8 5546.1 2579.8 5600.5 2565.3 5684.0 2879.4 阿利·伯克级 0
5589.4 2930.2 5499.0 2576.2 5550.8 2563.0 5641.1 2916.9 提康德罗加级 0
6082.1 3079.4 5833.1 2812.1 5872.1 2775.7 6121.1 3043.0 提康德罗加级 0
6349.0 2813.0 5845.5 2361.7 5957.0 2237.3 6460.5 2688.6 航母 0
5180.5 3476.3 5086.2 3362.0 5104.4 3346.9 5198.8 3461.2 潜艇 0
5199.5 3458.3 5105.2 3344.0 5123.4 3328.9 5217.8 3443.2 潜艇 0
4245.0 3643.0 4212.7 3625.4 4355.2 3364.5 4387.5 3382.1 其他 0
4212.0 3621.5 4176.5 3601.1 4332.5 3328.6 4368.1 3349.0 其他 0
4184.0 3521.0 4148.5 3500.7 4282.5 3266.6 4318.0 3287.0 其他 0
3855.0 3351.0 3818.7 3330.2 3976.5 3054.6 4012.8 3075.4 其他 0
1783.6 1034.1 1757.1 1006.9 1994.5 776.4 2020.9 803.6 其他 0
1805.0 958.0 1778.0 930.2 1938.5 774.4 1965.5 802.2 其他 0
1461.6 1055.7 1454.0 1003.0 1734.7 962.8 1742.2 1015.5 其他 0
1515.0 1093.0 1509.2 1052.2 1735.7 1019.8 1741.5 1060.5 其他 0
