4804.6 3865.7 4773.1 3822.8 5017.4 3643.5 5048.9 3686.4 其他 0
3604.4 3279.8 3564.1 3231.1 3832.6 3009.4 3872.9 3058.1 其他 0
2686.0 2282.0 2506.1 2235.8 2515.4 2199.8 2695.2 2246.0 其他 0
6081.3 4160.0 6045.0 4107.5 6385.1 3872.3 6421.4 3924.8 其他 0
6015.3 4115.2 5981.7 4061.0 6333.1 3843.1 6366.8 3897.3 其他 0
6379.9 4254.0 6345.2 4201.7 6696.0 3969.3 6730.6 4021.7 其他 0
6424.3 4306.6 6389.1 4254.6 6737.6 4018.8 6772.7 4070.8 其他 0
5682.6 4037.8 5648.5 3983.9 5997.8 3762.5 6031.9 3816.4 其他 0
5648.0 3992.0 5612.5 3937.3 5963.4 3709.9 5998.9 3764.6 其他 0
4729.6 3668.8 4711.7 3642.3 4907.1 3510.1 4925.0 3536.6 其他 0
4570.6 3679.7 4544.2 3643.6 4688.0 3538.0 4714.5 3574.1 其他 0
4602.1 3758.8 4579.2 3727.6 4681.1 3652.8 4704.0 3684.0 其他 0
4427.8 3775.3 4402.0 3735.4 4515.4 3662.3 4541.1 3702.1 其他 0
