1118.3 1139.2 941.7 925.2 966.2 905.0 1142.8 1119.0 佩里级 0
1092.2 1162.0 917.7 946.2 942.4 926.3 1116.8 1142.0 佩里级 0
1058.7 1182.4 895.8 981.0 926.0 956.6 1088.8 1158.0 其他 0
928.2 1270.6 735.6 1012.0 769.6 986.7 962.1 1245.3 新港级 0
1197.4 1607.8 951.0 1303.0 1001.4 1262.2 1247.8 1567.0 其他 0
978.2 1847.8 735.2 1560.2 780.0 1522.4 1023.0 1810.0 其他 0
1218.0 2139.0 1003.3 1885.0 1049.0 1846.4 1263.6 2100.4 其他 0
1466.0 2438.0 1251.3 2184.0 1297.0 2145.4 1511.6 2399.4 其他 0
1322.2 1501.6 1139.0 1275.0 1169.6 1250.3 1352.8 1476.8 其他 0
2442.8 1329.5 2231.0 1050.9 2263.1 1026.5 2474.9 1305.1 提康德罗加级 0
2516.0 1340.6 2256.1 1019.2 2299.1 984.4 2559.0 1305.8 凯泽级 0
2855.8 1728.8 2635.4 1462.6 2671.9 1432.3 2892.3 1698.6 其他 0
