601.1 5813.5 598.5 5772.2 956.9 5749.8 959.5 5791.2 提康德罗加级 0
1463.3 2898.1 1045.7 2830.9 1057.3 2758.7 1474.9 2826.0 凯泽级 0
919.1 5326.0 918.6 5304.7 1096.5 5300.6 1096.9 5322.0 潜艇 0
669.5 5420.8 667.7 5398.7 846.1 5383.9 847.9 5406.0 潜艇 0
636.5 3662.5 632.5 3597.7 984.8 3576.0 988.8 3640.8 奥斯汀级 0
662.5 5347.7 661.0 5324.3 836.4 5312.6 837.9 5336.0 潜艇 0
742.3 6645.1 735.5 6562.5 1309.6 6515.6 1316.4 6598.1 其他 0
1598.3 2330.4 1317.2 2286.3 1322.7 2251.3 1603.8 2295.5 佩里级 0
1317.7 2324.3 793.9 2244.0 815.7 2101.4 1339.6 2181.8 黄蜂级 0
1830.5 511.1 1171.9 405.4 1198.9 237.6 1857.4 343.3 航母 0
1752.3 1122.3 1073.9 1013.4 1101.4 842.0 1779.8 951.0 航母 0
1771.8 776.0 1122.1 657.2 1153.5 485.0 1803.3 603.8 航母 0
1281.7 2462.8 756.8 2382.3 777.0 2250.5 1301.9 2331.0 黄蜂级 0
1556.7 2653.3 1031.1 2578.0 1049.9 2446.0 1575.6 2521.2 黄蜂级 0
1112.3 3068.1 694.7 3000.9 706.3 2928.7 1123.9 2996.0 凯泽级 0
555.1 3571.6 547.4 3438.4 1077.5 3407.7 1085.3 3540.9 黄蜂级 0
1080.6 3622.7 1078.0 3571.8 1407.3 3555.1 1409.9 3606.0 阿利·伯克级 0
1099.6 3999.7 1097.0 3948.8 1426.3 3932.1 1428.9 3983.0 阿利·伯克级 0
686.5 4023.5 684.0 3972.5 1013.4 3956.3 1015.9 4007.2 阿利·伯克级 0
1087.6 4098.2 1085.4 4054.2 1434.9 4037.0 1437.1 4081.0 提康德罗加级 0
1013.6 4676.7 1011.0 4625.8 1340.3 4609.1 1342.9 4660.0 阿利·伯克级 0
546.6 4704.7 544.0 4653.8 873.3 4637.1 875.9 4688.0 阿利·伯克级 0
566.6 4990.7 564.0 4939.8 893.3 4923.1 895.9 4974.0 阿利·伯克级 0
1003.9 4874.1 1000.9 4823.2 1330.0 4803.7 1333.0 4854.6 阿利·伯克级 0
561.9 4896.1 558.9 4845.2 888.0 4825.7 891.0 4876.6 阿利·伯克级 0
1052.6 5780.7 1050.0 5729.8 1379.3 5713.1 1381.9 5764.0 阿利·伯克级 0
638.3 5919.7 634.7 5868.9 963.6 5846.1 967.2 5896.9 阿利·伯克级 0
1035.1 5884.5 1032.5 5843.2 1390.9 5820.8 1393.5 5862.2 提康德罗加级 0
677.6 6263.7 675.0 6212.8 1004.3 6196.1 1006.9 6247.0 阿利·伯克级 0
1137.6 6240.6 1134.6 6199.0 1417.0 6179.0 1419.9 6220.6 佩里级 0
670.5 6363.8 667.5 6289.2 1020.0 6275.4 1023.0 6350.0 奥斯汀级 0
1132.9 6317.3 1129.9 6266.5 1459.0 6246.4 1462.0 6297.3 阿利·伯克级 0
1511.4 6431.3 1507.0 6356.8 1859.1 6335.9 1863.5 6410.4 奥斯汀级 0
