911.4 5328.9 909.2 5295.2 1101.6 5282.3 1103.9 5315.9 潜艇 0
1459.0 2891.8 1135.6 2844.9 1143.7 2789.3 1467.1 2836.2 其他 0
633.7 5954.3 631.9 5905.7 954.0 5893.3 955.9 5941.9 阿利·伯克级 0
1039.0 3512.9 1036.7 3460.8 1357.9 3446.9 1360.1 3498.9 阿利·伯克级 0
608.1 4018.1 604.9 3940.1 1037.9 3922.5 1041.1 4000.5 圣安东尼奥级 0
1441.0 3115.8 1092.1 3053.3 1104.8 2982.3 1453.7 3044.8 奥斯汀级 0
533.4 5035.3 526.3 4902.1 1037.8 4874.8 1044.9 5007.9 黄蜂级 0
1313.0 2295.8 803.0 2205.9 822.7 2094.1 1332.7 2184.0 塔瓦拉级 0
1119.5 6317.0 1116.2 6265.5 1431.6 6245.4 1434.9 6296.9 阿利·伯克级 0
1061.5 3117.1 641.6 3045.3 652.1 2983.8 1072.1 3055.6 凯泽级 0
1071.9 6236.6 1067.6 6173.0 1426.5 6148.3 1430.9 6211.9 奥斯汀级 0
988.8 3629.0 986.6 3568.5 1369.7 3554.4 1371.9 3614.9 惠特贝岛级 0
1531.0 2639.8 1015.6 2552.8 1038.7 2416.0 1554.1 2503.0 黄蜂级 0
1692.0 1125.0 1008.8 995.9 1039.6 833.1 1722.8 962.1 航母 0
752.7 6649.0 746.5 6560.8 1303.1 6521.8 1309.2 6610.1 其他 0
693.6 6339.3 691.0 6295.4 976.1 6278.9 978.6 6322.8 佩里级 0
1883.1 511.9 1530.3 454.2 1537.2 412.3 1890.0 470.0 提康德罗加级 0
1685.0 1361.0 1004.9 1250.2 1033.0 1077.3 1713.2 1188.2 航母 0
1293.0 2437.8 783.0 2347.9 802.7 2236.1 1312.7 2326.0 塔瓦拉级 0
1513.9 2785.8 997.8 2703.1 1019.8 2566.1 1535.9 2648.7 黄蜂级 0
1074.5 3055.1 654.6 2983.3 665.1 2921.8 1085.1 2993.6 凯泽级 0
647.3 3485.2 644.6 3433.2 965.6 3416.6 968.3 3468.6 阿利·伯克级 0
652.3 3536.2 649.6 3484.2 970.6 3467.6 973.3 3519.6 阿利·伯克级 0
658.3 3639.2 655.6 3587.2 976.6 3570.6 979.3 3622.6 阿利·伯克级 0
662.3 3685.2 659.6 3633.2 980.6 3616.6 983.3 3668.6 阿利·伯克级 0
685.3 4123.2 682.6 4071.2 1003.6 4054.6 1006.3 4106.6 阿利·伯克级 0
1102.2 3998.0 1099.6 3946.0 1420.7 3929.8 1423.3 3981.8 阿利·伯克级 0
1100.2 4101.0 1097.6 4049.0 1418.7 4032.8 1421.3 4084.8 阿利·伯克级 0
548.3 4697.2 545.6 4645.2 866.6 4628.6 869.3 4680.6 阿利·伯克级 0
545.6 4596.8 544.0 4544.7 865.3 4535.0 866.9 4587.1 阿利·伯克级 0
1039.1 4567.1 1037.9 4528.9 1330.7 4519.6 1331.9 4557.8 佩里级 0
1013.3 4671.2 1010.6 4619.2 1331.6 4602.6 1334.3 4654.6 阿利·伯克级 0
1067.6 4943.0 1065.6 4904.9 1358.2 4889.7 1360.2 4927.9 佩里级 0
1017.3 4862.2 1014.6 4810.2 1335.6 4793.6 1338.3 4845.6 阿利·伯克级 0
534.7 4883.6 532.1 4815.6 880.2 4801.9 882.9 4869.9 奥斯汀级 0
920.1 5399.9 918.2 5371.2 1112.0 5358.2 1113.9 5386.9 潜艇 0
658.4 5346.9 656.2 5313.2 848.6 5300.3 850.9 5333.9 潜艇 0
663.4 5421.9 661.2 5388.2 853.6 5375.3 855.9 5408.9 潜艇 0
627.0 5908.9 624.7 5860.3 946.7 5844.7 949.1 5893.3 阿利·伯克级 0
1016.4 5879.2 1013.4 5835.8 1373.9 5810.5 1376.9 5853.9 提康德罗加级 0
1016.1 5778.4 1013.5 5735.0 1374.2 5713.3 1376.8 5756.7 提康德罗加级 0
1514.2 6434.9 1510.0 6372.8 1869.2 6348.3 1873.4 6410.3 其他 0
