1745.9 1389.8 1342.6 1289.6 1356.1 1235.1 1759.4 1335.3 凯泽级 0
5864.3 3992.1 5827.9 3936.8 6190.0 3698.4 6226.4 3753.8 其他 0
4304.0 3258.2 4279.4 3224.3 4488.8 3071.8 4513.5 3105.7 其他 0
392.1 474.7 375.0 414.3 910.9 262.5 928.0 322.9 其他 0
1983.2 1710.0 1576.2 1614.7 1591.8 1547.9 1998.8 1643.1 刘易斯和克拉克级 0
5475.2 3880.1 5436.4 3823.9 5800.6 3572.9 5839.4 3629.2 其他 0
5902.8 4058.3 5861.4 3995.3 6218.0 3761.2 6259.4 3824.2 其他 0
1510.0 1545.7 1424.0 1423.0 1455.1 1401.2 1541.1 1523.8 其他 0
537.6 575.4 517.4 511.6 910.8 387.1 931.0 450.9 凯泽级 0
5567.7 3907.2 5524.0 3843.4 5887.0 3595.1 5930.7 3658.8 其他 0
3876.3 3542.4 3853.4 3509.5 3971.0 3427.4 3993.9 3460.2 其他 0
1702.0 1495.9 1495.1 1445.1 1508.4 1391.0 1715.3 1441.9 其他 0
2295.4 2056.0 1915.7 1962.6 1931.4 1899.1 2311.0 1992.5 其他 0
4353.0 3340.2 4328.4 3306.3 4537.8 3153.8 4562.5 3187.7 其他 0
5160.2 3803.1 5121.4 3746.9 5485.6 3495.9 5524.4 3552.2 其他 0
5118.2 3760.1 5079.4 3703.9 5443.6 3452.9 5482.4 3509.2 其他 0
4290.0 3603.4 4258.0 3557.0 4509.4 3383.8 4541.4 3430.2 其他 0
569.1 961.2 551.7 902.3 756.6 841.9 773.9 900.8 其他 0
