1604.6 1434.9 1568.3 1404.2 1795.5 1135.3 1831.8 1166.0 提康德罗加级 0
4579.0 3365.0 4553.0 3330.1 4776.2 3163.6 4802.2 3198.5 佩里级 0
5402.4 3648.1 5372.1 3606.5 5663.7 3394.2 5694.0 3435.9 提康德罗加级 0
5189.6 3633.2 5167.0 3600.9 5390.2 3444.6 5412.8 3477.0 佩里级 0
5283.4 4152.1 5253.1 4110.5 5544.7 3898.2 5575.0 3939.9 提康德罗加级 0
5339.2 4219.6 5312.4 4182.1 5607.2 3971.3 5634.0 4008.8 提康德罗加级 0
5895.5 4857.5 5872.0 4823.9 6101.3 4663.4 6124.8 4697.0 佩里级 0
6237.4 4614.7 6213.0 4579.9 6445.4 4417.2 6469.8 4452.0 佩里级 0
6444.7 5031.0 6406.0 4976.9 6706.5 4762.0 6745.2 4816.1 奥斯汀级 0
956.3 754.7 938.7 705.1 1210.8 608.6 1228.4 658.2 其他 0
4231.7 3076.5 4189.6 3058.1 4328.7 2739.6 4370.7 2758.0 提康德罗加级 0
4422.0 3200.0 4360.6 3161.4 4664.3 2678.7 4725.6 2717.4 其他 0
4084.0 3042.8 3684.1 2779.4 3729.0 2711.3 4128.9 2974.6 其他 0
4372.0 3059.8 4309.0 3018.4 4523.9 2691.6 4586.9 2733.0 其他 0
5662.0 4574.8 5630.3 4529.6 5976.9 4286.9 6008.6 4332.2 凯泽级 0
6109.2 5267.3 6071.0 5213.9 6373.8 4997.4 6412.0 5050.8 其他 0
7297.8 8228.8 7293.7 8188.9 7602.5 8157.1 7606.6 8197.1 阿利·伯克级 0
6544.9 6105.3 6518.5 6067.5 6815.4 5859.7 6841.9 5897.4 提康德罗加级 0
6718.7 7508.4 6710.9 7438.6 7067.2 7399.0 7075.0 7468.8 其他 0
6761.6 7909.2 6753.9 7839.6 7108.3 7800.2 7116.0 7869.8 奥斯汀级 0
7198.6 7865.2 7190.9 7795.6 7545.3 7756.2 7553.0 7825.8 奥斯汀级 0
6788.0 8303.8 6778.5 8210.9 7259.7 8161.4 7269.2 8254.3 其他 0
6740.6 5381.5 6717.9 5348.4 6973.7 5172.5 6996.5 5205.6 阿利·伯克级 0
7370.3 8349.0 7366.7 8314.1 7637.4 8285.9 7641.0 8320.8 其他 0
3699.9 2471.6 3655.7 2459.4 3748.4 2124.5 3792.6 2136.7 提康德罗加级 0
2642.8 2009.5 2608.3 1988.9 2767.5 1722.4 2802.0 1743.0 阿利·伯克级 0
