4006.0 3275.0 3931.0 3165.7 4365.7 2867.3 4440.7 2976.7 黄蜂级 0
5353.0 5307.0 5302.8 5238.3 5716.9 4935.3 5767.1 5004.0 塔瓦拉级 0
5772.5 7964.9 5757.9 7831.4 6280.0 7774.3 6294.6 7907.7 黄蜂级 0
5754.5 7794.6 5744.5 7695.0 6274.8 7641.9 6284.8 7741.5 塔瓦拉级 0
1415.0 1438.0 1381.5 1415.2 1545.5 1174.0 1579.0 1196.8 佩里级 0
6285.8 7722.9 6280.7 7668.2 6599.0 7638.0 6604.2 7692.7 阿利·伯克级 0
5075.5 4770.4 5038.5 4716.5 5361.0 4495.2 5398.0 4549.0 惠特贝岛级 0
6169.3 7019.7 6162.7 6953.5 6538.3 6915.7 6545.0 6982.0 惠特贝岛级 0
5352.8 4096.5 5335.8 4068.9 5447.0 4000.4 5464.0 4028.0 其他 0
6034.4 5356.8 6001.4 5311.6 6257.0 5124.8 6290.0 5170.0 阿利·伯克级 0
5145.3 4868.6 5097.5 4798.4 5396.6 4594.7 5444.4 4664.9 奥斯汀级 0
3588.7 2830.1 3550.2 2774.2 3859.0 2561.0 3897.6 2616.9 其他 0
4041.7 3382.3 4009.8 3337.6 4267.1 3154.3 4299.0 3199.0 阿利·伯克级 0
4860.0 4359.8 4818.1 4301.3 5162.1 4054.5 5204.1 4113.1 凯泽级 0
4665.9 3468.9 4637.6 3429.8 4930.7 3217.9 4959.0 3257.0 提康德罗加级 0
4269.9 3635.6 4240.1 3592.8 4503.8 3409.3 4533.6 3452.1 阿利·伯克级 0
6348.2 7400.4 6343.6 7355.7 6511.6 7338.4 6516.1 7383.1 其他 0
5522.4 5604.1 5495.4 5565.7 5731.0 5400.0 5758.0 5438.3 佩里级 0
3020.0 2468.0 2707.4 2269.9 2734.4 2227.4 3047.0 2425.4 提康德罗加级 0
3659.0 2926.8 3614.0 2863.2 4066.9 2542.4 4112.0 2606.0 仁慈级 0
5948.8 5292.6 5922.8 5254.9 6216.1 5053.3 6242.0 5091.0 提康德罗加级 0
1452.7 1528.9 1396.2 1487.7 1610.1 1193.9 1666.6 1235.1 奥斯汀级 0
1698.6 1646.9 1640.7 1609.9 1850.2 1282.9 1908.0 1320.0 惠特贝岛级 0
4949.5 3727.2 4926.0 3694.0 5163.6 3525.5 5187.1 3558.7 佩里级 0
5123.3 3505.8 4982.3 3296.7 5015.3 3274.3 5156.4 3483.5 其他 0
5308.5 5178.8 5277.9 5135.8 5574.3 4924.1 5605.0 4967.0 提康德罗加级 0
608.6 888.5 566.2 853.8 768.9 606.7 811.2 641.4 阿利·伯克级 0
6599.0 7615.0 6580.2 7450.8 6623.9 7445.8 6642.7 7610.0 其他 0
5518.5 4601.5 5478.5 4547.7 5756.0 4341.2 5796.0 4395.0 其他 0
5783.3 7489.7 5773.5 7419.8 6125.1 7370.1 6135.0 7440.0 奥斯汀级 0
6186.3 5013.7 6059.5 4812.9 6091.1 4793.0 6217.8 4993.8 其他 0
5393.7 3889.6 5247.6 3672.5 5283.3 3648.5 5429.4 3865.5 其他 0
5677.4 3958.9 5646.3 3915.4 5865.1 3758.5 5896.3 3801.9 其他 0
5446.0 4519.0 5403.7 4461.6 5694.3 4247.6 5736.6 4305.0 奥斯汀级 0
3279.0 2655.1 3205.7 2607.4 3491.0 2170.0 3564.2 2217.8 其他 0
5817.3 6351.7 5740.6 6201.2 5772.8 6184.7 5849.5 6335.2 其他 0
1495.3 1260.2 1471.8 1243.6 1528.5 1163.4 1552.0 1180.0 其他 0
1618.4 1481.6 1580.3 1457.1 1756.9 1182.5 1795.0 1207.0 提康德罗加级 0
1888.0 1705.0 1856.8 1685.0 1943.8 1549.2 1975.0 1569.2 其他 0
3150.0 2089.0 3129.5 2006.4 3605.5 1888.4 3626.0 1971.1 其他 0
4334.9 3705.6 4305.1 3662.8 4568.8 3479.3 4598.6 3522.1 阿利·伯克级 0
4628.0 3387.0 4597.4 3343.7 4861.9 3156.3 4892.5 3199.6 阿利·伯克级 0
4595.5 3977.2 4572.0 3944.0 4809.6 3775.5 4833.1 3808.7 佩里级 0
4622.5 4058.2 4599.0 4025.0 4836.6 3856.5 4860.1 3889.7 佩里级 0
5217.5 4106.2 5194.0 4073.0 5431.6 3904.5 5455.1 3937.7 佩里级 0
5766.5 4973.8 5735.9 4930.8 6032.3 4719.1 6063.0 4762.0 提康德罗加级 0
5703.8 4892.9 5674.1 4849.3 5975.0 4644.0 6004.8 4687.6 提康德罗加级 0
6306.6 7856.8 6300.5 7802.2 6618.2 7766.1 6624.4 7820.7 阿利·伯克级 0
6646.8 8021.1 6627.2 7849.8 6671.4 7844.7 6691.0 8016.0 其他 0
1789.6 1686.9 1731.7 1649.9 1941.2 1322.9 1999.0 1360.0 惠特贝岛级 0
5838.8 8228.8 5830.3 8168.9 5981.6 8147.4 5990.1 8207.4 其他 0
