4069.3 3393.2 4041.8 3349.1 4268.7 3207.8 4296.2 3251.9 其他 0
4254.0 3600.0 4220.5 3544.6 4487.1 3383.6 4520.6 3439.0 其他 0
5088.7 3735.8 5040.9 3664.0 5388.1 3433.0 5435.9 3504.8 其他 0
1510.2 1545.7 1415.5 1422.6 1441.0 1403.0 1535.7 1526.0 其他 0
1115.0 1169.9 662.3 1143.1 666.5 1071.9 1119.2 1098.8 供应级 0
5147.3 3790.2 5097.4 3719.9 5437.5 3478.5 5487.4 3548.9 其他 0
5475.3 3858.2 5425.4 3787.9 5765.5 3546.5 5815.4 3616.9 其他 0
5553.3 3890.2 5503.4 3819.9 5843.5 3578.5 5893.4 3648.9 其他 0
5846.3 3990.2 5796.4 3919.9 6136.5 3678.5 6186.4 3748.9 其他 0
5882.3 4049.2 5832.4 3978.9 6172.5 3737.5 6222.4 3807.9 其他 0
