6018.2 8050.5 6004.0 7936.9 6527.8 7871.3 6542.0 7984.9 黄蜂级 0
4220.2 3526.9 4154.6 3433.2 4586.6 3130.8 4652.1 3224.5 黄蜂级 0
5854.6 5896.5 5828.7 5858.4 6087.1 5682.7 6113.0 5720.9 阿利·伯克级 0
5588.0 5559.9 5534.0 5482.2 5948.0 5194.6 6002.0 5272.3 塔瓦拉级 0
5360.0 4990.9 5322.8 4937.4 5541.8 4785.1 5579.0 4838.5 独立级 0
6539.4 8102.5 6535.0 8051.9 6848.5 8025.0 6852.8 8075.5 阿利·伯克级 0
4271.1 3638.0 4241.3 3597.0 4498.9 3410.3 4528.6 3451.3 阿利·伯克级 0
5924.5 7074.7 5919.5 7019.0 6231.0 6990.9 6236.0 7046.6 阿利·伯克级 0
6216.5 5670.4 6173.7 5610.2 6521.4 5363.3 6564.2 5423.5 圣安东尼奥级 0
4834.6 3652.1 4809.4 3615.7 5097.8 3415.5 5123.0 3451.9 提康德罗加级 0
5950.0 5138.9 5923.3 5099.2 6215.4 4902.3 6242.1 4942.0 提康德罗加级 0
920.0 1187.5 884.1 1158.5 1082.0 912.9 1118.0 941.9 阿利·伯克级 0
5933.2 7190.5 5929.4 7157.5 6277.2 7117.1 6281.0 7150.1 提康德罗加级 0
5096.0 4606.4 5052.0 4543.9 5539.7 4200.9 5583.6 4263.4 霍普级 0
5377.0 5115.9 5339.6 5064.5 5645.5 4842.0 5682.9 4893.5 惠特贝岛级 0
6261.9 6697.5 6254.6 6638.8 6623.7 6593.1 6631.0 6651.9 其他 0
4782.0 4258.8 4743.8 4202.7 5094.1 3963.6 5132.4 4019.7 圣安东尼奥级 0
6182.1 4882.2 6096.6 4762.1 6124.3 4742.4 6209.8 4862.5 其他 0
5185.1 4648.5 5162.2 4616.8 5396.9 4448.1 5419.7 4479.9 佩里级 0
3187.2 2104.3 3149.8 2022.7 3579.4 1825.9 3616.8 1907.5 其他 0
6298.4 6346.5 6295.7 6316.4 6434.3 6303.8 6437.0 6333.9 复仇者级 0
5950.4 5091.8 5926.7 5060.3 6061.3 4958.6 6085.1 4990.1 其他 0
1208.8 1365.0 1146.2 1325.3 1349.6 1004.5 1412.2 1044.2 惠特贝岛级 0
6568.4 7973.6 6563.8 7928.1 6837.4 7900.4 6842.0 7945.9 佩里级 0
2770.2 2017.5 2735.3 2002.6 2799.1 1853.9 2833.9 1868.8 其他 0
1344.5 1197.3 1313.8 1176.8 1403.5 1042.3 1434.2 1062.8 其他 0
3687.8 2935.3 3581.7 2868.8 3847.7 2445.0 3953.7 2511.6 其他 0
4622.3 3389.2 4592.4 3348.2 4849.7 3161.1 4879.5 3202.1 阿利·伯克级 0
4583.1 3955.0 4553.3 3914.0 4810.9 3727.3 4840.6 3768.3 阿利·伯克级 0
4513.3 3891.2 4483.4 3850.2 4740.7 3663.1 4770.5 3704.1 阿利·伯克级 0
4925.1 3710.0 4895.3 3669.0 5152.9 3482.3 5182.6 3523.3 阿利·伯克级 0
4861.3 4354.2 4820.7 4299.7 5160.9 4046.3 5201.4 4100.7 圣安东尼奥级 0
6384.4 7029.0 6377.1 6973.6 6687.1 6932.6 6694.5 6988.0 阿利·伯克级 0
3297.2 2157.3 3259.8 2075.7 3689.4 1878.9 3726.8 1960.5 其他 0
2912.3 2307.3 2863.3 2294.2 2945.7 1987.0 2994.7 2000.1 阿利·伯克级 0
1856.9 1769.8 1825.8 1750.2 2010.9 1456.3 2042.0 1475.9 提康德罗加级 0
6146.0 6363.9 6143.7 6332.3 6278.0 6322.6 6280.3 6354.1 复仇者级 0
