573.8 1153.9 542.6 1128.6 765.7 853.6 796.9 879.0 提康德罗加级 0
1350.6 1664.2 1312.4 1637.5 1493.0 1380.0 1531.2 1406.7 阿利·伯克级 0
1425.6 1791.5 1377.4 1757.0 1594.8 1453.4 1643.0 1487.9 惠特贝岛级 0
1618.0 1725.9 1563.2 1690.8 1703.6 1471.8 1758.4 1506.9 独立级 0
1647.0 1945.9 1585.3 1906.3 1811.6 1554.4 1873.3 1594.1 圣安东尼奥级 0
1784.7 1894.4 1743.3 1868.4 1911.6 1600.9 1953.0 1626.9 阿利·伯克级 0
1859.8 2064.5 1819.7 2038.1 2011.6 1746.3 2051.7 1772.6 提康德罗加级 0
3358.0 2756.0 3322.3 2733.0 3513.1 2436.3 3548.8 2459.3 提康德罗加级 0
3442.0 2922.0 3347.4 2864.0 3604.3 2444.9 3698.9 2502.9 其他 0
3643.5 3178.9 3602.1 3122.0 3817.6 2965.1 3859.0 3022.0 独立级 0
3905.3 2939.0 3889.1 2916.8 4002.8 2833.8 4019.0 2856.0 复仇者级 0
3998.7 3522.8 3925.9 3415.9 4343.8 3131.5 4416.6 3238.4 黄蜂级 0
4725.2 3693.7 4687.1 3639.0 4904.7 3487.2 4942.8 3541.8 独立级 0
4919.8 3988.4 4896.2 3954.0 5093.6 3818.7 5117.2 3853.1 自由级 0
4978.4 4052.9 4954.7 4019.6 5155.3 3876.7 5179.0 3909.9 自由级 0
4534.1 4259.8 4493.5 4201.7 4846.0 3954.9 4886.7 4013.0 圣安东尼奥级 0
4639.2 4334.4 4598.0 4277.7 4808.8 4124.3 4850.0 4180.9 独立级 0
4918.0 4556.9 4878.0 4499.8 5105.0 4340.8 5145.0 4397.9 独立级 0
5376.0 4804.9 5332.1 4744.7 5673.9 4495.9 5717.7 4556.2 圣安东尼奥级 0
5131.7 5117.3 5093.9 5065.3 5395.2 4846.0 5433.0 4897.9 惠特贝岛级 0
5695.0 5136.0 5671.0 5101.0 5965.9 4898.9 5989.8 4933.9 提康德罗加级 0
5260.8 5438.7 5224.0 5386.0 5579.1 5137.3 5616.0 5190.0 圣安东尼奥级 0
5771.9 5209.8 5746.6 5174.6 6006.3 4988.9 6031.5 5024.1 阿利·伯克级 0
5344.0 5579.0 5265.1 5461.0 5690.0 5177.0 5768.9 5295.0 黄蜂级 0
5929.5 5547.8 5907.4 5516.9 6195.0 5312.0 6217.0 5342.9 提康德罗加级 0
5741.6 6382.1 5734.2 6308.9 6000.0 6282.0 6007.4 6355.2 独立级 0
6042.5 6347.8 6039.9 6315.1 6179.9 6304.0 6182.5 6336.7 复仇者级 0
6027.7 6691.2 6022.0 6627.6 6393.3 6594.4 6399.0 6658.0 其他 0
5626.0 7076.8 5618.0 7003.7 6035.0 6958.0 6043.0 7031.1 圣安东尼奥级 0
6099.4 7021.2 6095.5 6981.4 6451.0 6946.0 6455.0 6985.8 提康德罗加级 0
5684.6 7211.1 5678.1 7153.1 6038.5 7113.0 6045.0 7171.0 其他 0
6130.2 7510.7 6121.3 7436.3 6550.0 7385.0 6558.9 7459.4 圣安东尼奥级 0
5734.5 7731.2 5720.5 7605.1 6226.0 7548.9 6240.0 7675.0 黄蜂级 0
5741.5 8062.0 5726.8 7928.0 6238.0 7871.9 6252.7 8006.0 黄蜂级 0
