3395.4 1426.4 3270.2 1060.9 3323.8 1042.5 3449.0 1408.0 惠特贝岛级 0
3699.5 2510.1 3576.0 2080.6 3635.5 2063.5 3759.0 2493.0 其他 0
3774.2 2385.3 3686.0 2078.6 3728.8 2066.3 3817.0 2373.0 其他 0
3818.0 2357.9 3740.0 2086.6 3771.0 2077.7 3849.0 2349.0 其他 0
4083.0 2414.8 3991.0 2094.6 4031.9 2082.8 4124.0 2403.0 其他 0
4160.2 2391.9 4075.0 2095.6 4112.8 2084.7 4198.0 2381.0 其他 0
4200.0 2388.5 4106.0 2061.6 4153.0 2048.1 4247.0 2375.0 其他 0
2756.6 4876.7 2723.6 4456.4 2785.9 4451.5 2818.9 4871.8 凯泽级 0
6076.9 2829.8 5759.9 2755.3 5768.2 2720.0 6085.2 2794.5 其他 0
6080.9 2789.8 5779.5 2718.9 5787.2 2686.0 6088.7 2756.8 其他 0
6408.9 2856.8 6143.3 2794.3 6150.2 2765.0 6415.8 2827.4 其他 0
6400.9 2879.8 6136.8 2823.3 6142.3 2797.6 6406.4 2854.1 其他 0
3485.5 1595.5 3440.0 1458.9 3471.3 1448.4 3516.8 1585.0 复仇者级 0
2998.7 2123.3 2927.6 1929.7 2966.8 1915.3 3037.9 2109.0 其他 0
