1782.0 453.0 1615.0 419.3 1620.7 391.1 1787.7 424.8 其他 0
412.0 493.0 372.9 481.7 473.1 135.4 512.2 146.7 提康德罗加级 0
307.0 858.0 267.8 846.7 366.5 505.7 405.6 517.0 提康德罗加级 0
216.6 1214.1 171.2 1201.6 255.6 896.4 301.0 909.0 阿利·伯克级 0
627.0 1424.0 287.4 1330.3 298.2 1291.3 637.8 1385.0 提康德罗加级 0
998.0 1558.3 657.2 1464.3 667.2 1428.0 1008.0 1522.0 提康德罗加级 0
1105.3 1675.0 1040.2 1558.2 1059.9 1547.2 1125.0 1664.0 其他 0
1133.6 1821.5 1009.3 1569.5 1040.7 1554.1 1165.0 1806.0 佩里级 0
1268.6 2088.5 1141.6 1831.2 1171.0 1816.7 1298.0 2074.0 佩里级 0
1398.2 2349.7 1273.9 2097.8 1309.7 2080.1 1434.0 2332.0 佩里级 0
1695.0 2318.0 1615.2 2049.0 1649.7 2038.8 1729.5 2307.8 佩里级 0
1664.0 2330.0 1583.4 2058.4 1614.0 2049.3 1694.5 2320.9 佩里级 0
1610.3 2028.3 1528.3 1761.6 1565.0 1750.3 1647.0 2017.0 佩里级 0
1515.0 1742.0 1416.2 1398.2 1458.0 1386.2 1556.8 1730.0 提康德罗加级 0
1490.2 1445.2 1474.8 1414.8 1727.6 1286.6 1743.0 1317.0 佩里级 0
1747.0 1311.0 1727.0 1267.5 2013.8 1135.7 2033.8 1179.2 阿利·伯克级 0
