5837.0 2440.7 5758.9 2132.5 5804.8 2120.8 5883.0 2429.0 阿利·伯克级 0
5298.4 2597.2 5219.9 2287.5 5268.4 2275.2 5347.0 2584.9 阿利·伯克级 0
6292.4 2544.6 6134.2 2368.4 6153.8 2350.8 6312.0 2527.0 其他 0
4406.0 3082.7 4372.4 3063.0 4532.7 2789.4 4566.3 2809.0 其他 0
4369.7 3054.8 4332.0 3032.7 4506.0 2735.7 4543.7 2757.8 其他 0
4181.0 2860.7 4149.9 2842.4 4305.0 2577.7 4336.1 2596.0 其他 0
4114.0 2824.7 4067.9 2797.6 4202.0 2568.7 4248.1 2595.8 其他 0
4065.0 2788.7 4038.0 2772.8 4174.0 2540.7 4201.0 2556.6 其他 0
1708.2 601.5 1703.1 571.3 1988.8 522.5 1994.0 552.7 其他 0
1707.2 570.0 1699.1 522.3 1981.9 474.0 1990.0 521.7 其他 0
1612.5 391.7 1549.9 214.8 1575.4 205.8 1638.0 382.7 其他 0
1587.6 399.0 1528.6 221.0 1554.3 212.4 1613.3 390.5 其他 0
2515.0 1046.5 2484.0 1032.7 2575.6 827.5 2606.6 841.4 其他 0
2070.9 516.8 2049.2 495.8 2237.9 301.2 2259.6 322.2 其他 0
2030.9 477.8 2009.2 456.8 2197.9 262.2 2219.6 283.2 其他 0
2048.9 496.8 2027.2 475.8 2215.9 281.2 2237.6 302.2 其他 0
1446.2 384.1 1417.1 233.0 1444.1 227.8 1473.2 378.9 其他 0
2087.9 540.8 2066.2 519.8 2254.9 325.2 2276.6 346.2 其他 0
