2247.4 7438.9 2184.0 7030.4 2263.4 7018.1 2326.8 7426.6 其他 0
1877.0 6834.8 1195.8 6727.4 1222.4 6558.4 1903.7 6665.8 航母 0
1479.6 8640.2 1477.3 8566.6 1891.7 8553.5 1894.0 8627.0 其他 0
464.2 6901.9 430.8 6781.7 941.5 6639.9 974.9 6760.1 黄蜂级 0
2572.8 800.2 2435.1 455.4 2493.3 432.2 2631.0 777.0 奥斯汀级 0
2081.0 2651.8 1689.8 2643.7 1691.1 2582.0 2082.3 2590.2 惠特贝岛级 0
1490.7 8550.3 1488.3 8473.6 1907.6 8460.3 1910.0 8537.0 其他 0
1431.5 8879.2 1429.3 8808.6 1843.8 8795.5 1846.0 8866.0 其他 0
1431.7 8944.1 1429.3 8869.6 1840.6 8856.6 1843.0 8931.0 其他 0
2276.0 3024.8 1884.8 3016.7 1886.1 2955.0 2277.3 2963.2 惠特贝岛级 0
1502.6 9018.4 1501.3 8977.6 1769.7 8969.1 1771.0 9009.8 其他 0
1774.3 1866.6 1673.8 1459.0 1729.5 1445.3 1829.9 1852.9 其他 0
