5374.8 3885.0 5343.7 3850.1 5577.0 3641.6 5608.2 3676.5 阿利·伯克级 0
5313.0 3807.9 5283.3 3771.8 5524.8 3572.7 5554.6 3608.8 阿利·伯克级 0
5158.6 2820.4 5070.2 2476.3 5114.4 2464.9 5202.8 2809.0 提康德罗加级 0
5067.7 2840.3 4965.6 2500.1 5009.3 2486.9 5111.4 2827.2 提康德罗加级 0
5488.8 2714.0 5385.6 2370.1 5452.9 2349.9 5556.1 2693.8 奥斯汀级 0
6277.2 3058.1 5853.6 2566.9 5989.4 2449.8 6413.0 2941.0 航母 0
6341.8 2751.0 6139.7 2554.7 6168.0 2525.5 6370.2 2721.8 佩里级 0
5197.0 3195.9 5104.5 3086.1 5121.6 3071.7 5214.1 3181.5 潜艇 0
4266.0 3376.0 4225.5 3354.4 4390.9 3044.2 4431.4 3065.8 其他 0
4222.0 3349.0 4193.0 3333.5 4340.9 3056.2 4369.9 3071.7 其他 0
4154.6 3314.2 4126.1 3297.8 4282.3 3025.1 4310.8 3041.4 其他 0
4131.0 3279.0 4103.8 3263.4 4244.3 3018.1 4271.5 3033.6 其他 0
3926.0 3149.0 3878.4 3121.8 4059.6 2804.1 4107.3 2831.2 其他 0
3938.0 2946.0 3909.1 2929.8 4010.0 2749.5 4038.9 2765.7 其他 0
3906.0 2931.0 3872.6 2912.3 3986.0 2709.5 4019.4 2728.2 其他 0
1776.0 751.0 1744.7 720.0 1951.0 511.4 1982.4 542.4 其他 0
1254.6 642.4 1218.8 445.4 1251.4 439.5 1287.2 636.4 其他 0
2393.9 621.0 2369.6 598.5 2558.6 394.9 2582.9 417.5 其他 0
