2663.8 2087.3 2638.7 2087.1 2640.3 1886.9 2665.4 1887.1 潜艇 0
2728.0 1834.0 2704.0 1834.0 2704.0 1630.0 2728.0 1630.0 潜艇 0
709.0 2608.8 640.1 2605.2 658.4 2252.8 727.4 2256.4 奥斯汀级 0
1154.0 2393.0 1149.0 1926.8 1226.5 1925.9 1231.6 2392.2 供应级 0
965.4 2560.7 927.8 2559.6 936.0 2278.9 973.6 2280.0 佩里级 0
4403.0 917.4 4369.8 916.8 4373.2 722.1 4406.5 722.7 潜艇 0
1339.3 2389.0 1337.6 2204.8 1360.3 2204.6 1362.0 2388.8 潜艇 0
103.0 2779.8 102.5 2131.5 274.5 2131.3 275.0 2779.7 航母 0
3064.0 1087.8 3033.4 1087.8 3033.9 799.6 3064.5 799.6 潜艇 0
2013.5 2406.1 1841.5 2405.9 1842.5 1715.9 2014.5 1716.1 航母 0
4154.0 1155.8 4108.0 1155.8 4108.0 725.0 4154.0 725.0 其他 0
939.3 2049.7 933.8 1766.0 968.6 1765.4 974.0 2049.0 佩里级 0
3134.8 1357.0 3134.7 1194.6 3179.3 1194.6 3179.5 1357.0 其他 0
465.0 2771.0 464.5 2128.4 642.5 2128.3 643.0 2770.8 航母 0
266.0 2753.4 253.5 2105.1 425.5 2101.8 438.0 2750.1 航母 0
931.7 2742.8 759.7 2740.7 767.8 2092.3 939.8 2094.5 航母 0
975.3 2065.0 961.8 1781.6 996.5 1780.0 1010.0 2063.4 佩里级 0
1621.9 2002.4 1587.2 2002.3 1587.9 1718.6 1622.6 1718.7 佩里级 0
2236.0 2037.1 2233.2 1702.3 2265.2 1702.0 2268.0 2036.8 潜艇 0
2703.8 2089.5 2678.7 2088.8 2684.3 1888.7 2709.4 1889.4 潜艇 0
2661.8 1848.3 2636.7 1848.1 2638.3 1647.9 2663.4 1648.1 潜艇 0
2704.8 1840.3 2679.7 1840.1 2681.3 1639.9 2706.4 1640.1 潜艇 0
2685.0 1839.0 2661.0 1839.0 2661.0 1635.0 2685.0 1635.0 潜艇 0
2642.0 1839.0 2618.0 1839.0 2618.0 1635.0 2642.0 1635.0 潜艇 0
2642.0 2082.0 2618.0 2082.0 2618.0 1878.0 2642.0 1878.0 潜艇 0
2725.9 2088.4 2701.9 2087.4 2710.1 1883.6 2734.1 1884.6 潜艇 0
2537.0 1878.1 2535.0 1674.1 2559.0 1673.9 2561.0 1877.9 潜艇 0
3298.8 1130.0 3258.4 1129.9 3258.9 812.6 3299.3 812.6 潜艇 0
3899.0 1385.8 3819.0 1385.8 3819.0 794.0 3899.0 794.0 霍普级 0
3764.0 1485.8 3684.0 1485.8 3684.0 896.0 3764.0 896.0 霍普级 0
2682.0 2084.8 2658.7 2083.9 2666.1 1898.6 2689.4 1899.5 潜艇 0
2534.0 1835.8 2521.6 1835.7 2522.3 1745.9 2534.7 1746.0 潜艇 0
