299.8 868.1 265.1 858.1 364.4 515.0 399.0 525.0 提康德罗加级 0
214.0 1216.0 166.3 1202.8 251.5 895.2 299.1 908.4 阿利·伯克级 0
279.8 1328.8 156.2 1290.4 165.4 1260.7 289.0 1299.0 其他 0
655.0 1434.0 314.0 1336.2 324.5 1299.8 665.5 1397.5 提康德罗加级 0
968.2 1554.2 661.2 1462.3 675.1 1416.1 982.0 1508.0 阿利·伯克级 0
1102.4 1750.0 1044.1 1626.6 1069.7 1614.5 1128.0 1737.9 其他 0
1272.4 2087.0 1148.4 1836.6 1180.9 1820.5 1305.0 2070.9 佩里级 0
1414.0 2318.3 1368.0 2211.9 1383.2 2205.3 1429.3 2311.7 其他 0
1426.5 2306.2 1378.9 2199.1 1395.3 2191.7 1443.0 2298.9 其他 0
1663.0 2327.9 1590.5 2055.5 1621.4 2047.3 1693.8 2319.7 佩里级 0
1695.2 2320.3 1620.3 2049.7 1654.1 2040.3 1729.0 2310.9 佩里级 0
1565.0 1987.9 1436.0 1573.3 1504.9 1551.9 1633.9 1966.5 圣安东尼奥级 0
1470.9 1451.3 1451.3 1410.6 1737.0 1272.9 1756.6 1313.6 阿利·伯克级 0
1776.5 1295.2 1759.8 1260.6 2072.6 1109.2 2089.3 1143.8 提康德罗加级 0
