5573.9 5147.9 5547.6 5108.5 5814.4 4930.8 5840.7 4970.2 阿利·伯克级 0
5912.8 6819.9 5908.3 6776.1 6265.0 6739.0 6269.6 6782.8 提康德罗加级 0
4867.3 3384.6 4836.2 3339.4 5095.7 3160.6 5126.8 3205.8 阿利·伯克级 0
5330.3 4290.3 5310.6 4263.2 5429.3 4177.0 5449.0 4204.2 复仇者级 0
4462.6 3097.9 4435.3 3059.4 4643.5 2912.1 4670.7 2950.7 自由级 0
5991.1 7781.7 5980.5 7679.1 6504.0 7625.0 6514.6 7727.6 黄蜂级 0
6594.2 7330.1 6589.4 7288.2 6757.7 7269.0 6762.5 7311.0 其他 0
2040.6 1660.9 1998.4 1635.6 2178.8 1334.7 2221.0 1360.0 其他 0
4283.8 3377.8 4258.5 3342.0 4517.1 3159.1 4542.4 3194.9 其他 0
6286.5 6447.6 6277.6 6381.1 6664.3 6329.1 6673.3 6395.7 其他 0
5155.7 4321.5 5133.7 4288.7 5255.2 4207.4 5277.2 4240.2 复仇者级 0
5272.3 4237.6 5251.4 4205.5 5376.7 4124.0 5397.6 4156.0 复仇者级 0
6526.6 7724.9 6521.2 7670.6 6853.5 7637.7 6858.9 7692.1 阿利·伯克级 0
6835.5 7566.8 6814.1 7396.0 6857.0 7390.6 6878.3 7561.5 其他 0
5616.5 3848.6 5489.7 3658.2 5512.8 3642.9 5639.6 3833.3 其他 0
5198.5 4379.7 5180.0 4352.0 5303.5 4269.7 5321.9 4297.4 复仇者级 0
4511.6 3635.9 4484.8 3597.6 4774.6 3395.4 4801.4 3433.8 提康德罗加级 0
3600.9 2546.1 3524.0 2499.1 3745.5 2136.3 3822.5 2183.2 刘易斯和克拉克级 0
4800.6 4000.5 4754.8 3933.8 5110.5 3689.8 5156.3 3756.5 圣安东尼奥级 0
5463.0 4192.7 5444.4 4163.7 5566.6 4085.3 5585.2 4114.3 复仇者级 0
6022.9 4963.9 5994.8 4924.4 6260.6 4735.3 6288.8 4774.8 阿利·伯克级 0
6003.8 6120.2 5996.2 6051.3 6389.4 6007.6 6397.0 6076.4 惠特贝岛级 0
5320.9 4766.8 5277.3 4703.2 5595.7 4484.9 5639.4 4548.6 惠特贝岛级 0
3727.8 2570.2 3648.0 2517.0 3888.0 2157.0 3967.8 2210.2 其他 0
5362.3 3489.8 5214.1 3290.8 5244.6 3268.1 5392.7 3467.1 其他 0
5443.1 4116.1 5418.6 4079.8 5653.7 3921.2 5678.2 3957.5 佩里级 0
6348.2 6919.8 6340.3 6841.9 6769.9 6798.3 6777.8 6876.2 圣安东尼奥级 0
6030.7 7957.7 6016.7 7843.5 6554.1 7777.9 6568.0 7892.0 黄蜂级 0
5185.8 3732.9 5158.3 3693.4 5388.9 3532.3 5416.5 3571.8 佩里级 0
6184.3 4623.8 6097.3 4502.7 6124.7 4483.0 6211.7 4604.2 其他 0
6630.8 5265.1 6531.1 5125.5 6563.2 5102.5 6663.0 5242.2 其他 0
4262.8 3244.6 4231.6 3202.7 4418.7 3063.4 4449.9 3105.4 其他 0
1998.0 1380.2 1971.5 1362.8 2058.4 1230.8 2084.9 1248.2 其他 0
4590.7 3696.9 4559.0 3652.1 4816.4 3470.3 4848.0 3515.2 阿利·伯克级 0
4930.7 3452.9 4899.0 3408.1 5156.4 3226.3 5188.0 3271.2 阿利·伯克级 0
5666.2 4525.1 5622.4 4461.4 5940.5 4242.7 5984.3 4306.3 惠特贝岛级 0
6199.9 5284.9 6172.1 5245.2 6439.6 5058.3 6467.4 5098.0 阿利·伯克级 0
6257.9 5362.9 6230.1 5323.2 6497.6 5136.3 6525.4 5176.0 阿利·伯克级 0
5838.9 5660.9 5811.1 5621.2 6078.6 5434.3 6106.4 5474.0 阿利·伯克级 0
6354.8 6767.9 6350.3 6724.1 6707.0 6687.0 6711.6 6730.8 提康德罗加级 0
5924.6 6949.2 5918.3 6905.6 6273.2 6853.7 6279.5 6897.3 提康德罗加级 0
1875.1 1482.1 1833.9 1455.6 2000.8 1196.5 2042.0 1223.0 阿利·伯克级 0
2923.9 2041.0 2869.7 2026.8 2964.6 1665.1 3018.7 1679.3 惠特贝岛级 0
