668.5 2241.8 657.1 1770.0 732.7 1768.2 744.1 2239.9 供应级 0
4375.4 725.4 4371.5 516.0 4394.4 515.6 4398.3 725.0 潜艇 0
903.7 2187.0 831.1 2184.0 845.9 1828.6 918.5 1831.6 奥斯汀级 0
531.9 2191.6 494.1 2190.5 502.7 1911.7 540.5 1912.9 佩里级 0
444.8 2340.7 261.5 2340.4 262.5 1685.8 445.9 1686.1 航母 0
2659.0 1426.0 2641.0 1426.0 2641.0 1236.0 2659.0 1236.0 潜艇 0
4373.1 490.0 4372.9 285.0 4399.8 285.0 4400.0 490.0 潜艇 0
1359.0 1786.9 1336.8 1786.9 1337.2 1593.0 1359.3 1593.0 潜艇 0
3270.1 708.3 3267.1 414.4 3297.9 414.1 3300.9 708.0 潜艇 0
2541.8 1460.6 2535.9 1267.1 2558.4 1266.4 2564.3 1460.0 潜艇 0
1850.6 1998.2 1844.7 1301.9 2017.0 1300.4 2022.8 1996.7 航母 0
3631.0 378.0 3466.0 378.0 3466.0 346.0 3631.0 346.0 其他 0
3138.8 964.9 3137.0 800.8 3179.7 800.3 3181.4 964.5 其他 0
598.0 2248.0 524.2 2244.6 545.6 1777.6 619.4 1780.9 供应级 0
963.9 2148.6 926.1 2147.5 934.7 1868.7 972.5 1869.9 佩里级 0
936.4 1637.3 934.3 1358.4 972.2 1358.1 974.3 1637.0 佩里级 0
1057.7 1980.0 1053.1 1303.7 1244.8 1302.4 1249.4 1978.7 航母 0
2618.8 1417.5 2616.8 1223.8 2639.4 1223.6 2641.4 1417.2 潜艇 0
2663.8 1421.5 2661.8 1227.8 2684.4 1227.6 2686.4 1421.2 潜艇 0
2708.8 1420.5 2706.8 1226.8 2729.4 1226.6 2731.4 1420.2 潜艇 0
2685.7 1435.4 2684.0 1241.8 2706.5 1241.6 2708.2 1435.2 潜艇 0
2640.3 1670.5 2617.7 1670.2 2619.9 1476.6 2642.5 1476.8 潜艇 0
2729.8 1667.5 2705.7 1667.2 2708.0 1470.7 2732.0 1471.0 潜艇 0
2707.6 1676.5 2683.6 1676.2 2686.1 1479.7 2710.2 1480.0 潜艇 0
2682.5 1680.6 2658.5 1680.0 2663.3 1483.6 2687.3 1484.2 潜艇 0
2658.0 1658.0 2637.8 1657.7 2640.4 1491.7 2660.7 1492.0 潜艇 0
3662.7 1054.0 3569.7 1054.0 3569.7 455.0 3662.7 455.0 霍普级 0
2541.3 1761.1 2527.7 1500.7 2572.2 1498.4 2585.8 1758.7 其他 0
