5882.7 6958.8 5876.3 6885.5 6303.4 6848.4 6309.8 6921.6 刘易斯和克拉克级 0
4124.7 2715.0 4102.2 2684.9 4294.8 2540.4 4317.4 2570.5 其他 0
3802.5 2841.2 3781.2 2810.5 4017.4 2647.0 4038.7 2677.8 佩里级 0
5184.9 3718.9 5163.5 3687.4 5392.6 3531.6 5414.0 3563.2 佩里级 0
5372.6 4853.0 5336.3 4800.5 5651.9 4582.7 5688.1 4635.2 惠特贝岛级 0
4888.1 4081.2 4842.7 4018.1 5065.5 3857.8 5110.9 3920.9 独立级 0
5155.3 4435.3 5114.9 4374.2 5434.1 4162.8 5474.5 4223.9 惠特贝岛级 0
4799.5 3988.5 4758.9 3928.6 5122.2 3682.3 5162.8 3742.2 圣安东尼奥级 0
1619.8 1456.9 1585.1 1430.6 1796.3 1152.6 1830.9 1178.9 提康德罗加级 0
6373.1 6767.5 6366.2 6708.3 6683.8 6671.0 6690.8 6730.2 阿利·伯克级 0
5629.7 4539.4 5587.1 4476.7 5935.2 4240.3 5977.7 4303.0 圣安东尼奥级 0
5562.6 5149.5 5538.6 5114.6 5797.1 4936.3 5821.2 4971.2 阿利·伯克级 0
5362.9 3496.1 5228.9 3299.0 5263.0 3275.8 5396.9 3472.9 其他 0
6291.0 6087.0 6287.5 6058.7 6424.5 6041.7 6428.0 6070.0 复仇者级 0
907.8 926.0 870.5 893.8 1071.7 660.9 1109.0 693.1 阿利·伯克级 0
6143.2 6072.6 6140.2 6048.2 6278.0 6031.0 6281.0 6055.4 复仇者级 0
4244.4 3390.4 4217.4 3352.0 4507.8 3148.1 4534.8 3186.5 提康德罗加级 0
6266.6 6441.8 6257.5 6358.9 6631.2 6318.2 6640.3 6401.1 其他 0
5903.5 6812.6 5899.3 6768.2 6247.2 6735.1 6251.4 6779.5 提康德罗加级 0
4459.5 3085.9 4435.3 3049.3 4635.8 2916.7 4660.0 2953.3 自由级 0
1979.7 1560.5 1941.5 1535.0 2106.2 1288.5 2144.4 1314.0 阿利·伯克级 0
5984.3 7771.9 5974.8 7676.3 6511.9 7623.3 6521.3 7718.9 黄蜂级 0
5599.7 5304.6 5544.6 5230.4 5960.8 4921.3 6015.9 4995.4 黄蜂级 0
4189.0 3279.0 4158.9 3233.9 4419.9 3059.9 4450.0 3105.0 阿利·伯克级 0
1988.8 1696.0 1957.3 1675.2 2153.8 1377.3 2185.2 1398.1 提康德罗加级 0
4049.5 2665.2 4028.2 2634.5 4264.4 2471.0 4285.7 2501.8 佩里级 0
4643.6 3120.7 4611.7 3076.9 4865.3 2892.2 4897.2 2936.0 阿利·伯克级 0
4516.0 3622.0 4485.9 3576.9 4746.9 3402.9 4777.0 3448.0 阿利·伯克级 0
4928.9 3452.9 4896.2 3408.0 5151.3 3222.2 5184.0 3267.2 阿利·伯克级 0
5230.0 3794.2 5207.5 3763.3 5431.6 3600.4 5454.0 3631.2 佩里级 0
5719.6 4607.0 5683.3 4554.5 5998.9 4336.7 6035.1 4389.2 惠特贝岛级 0
6029.6 4948.0 6003.9 4913.0 6260.2 4724.0 6285.9 4758.9 阿利·伯克级 0
5773.2 5590.3 5743.7 5551.2 5994.9 5361.9 6024.4 5401.1 阿利·伯克级 0
6203.7 5266.6 6176.5 5225.8 6438.4 5051.6 6465.6 5092.4 阿利·伯克级 0
6270.4 5348.5 6241.2 5309.2 6493.7 5121.7 6522.9 5161.0 阿利·伯克级 0
6146.8 6101.7 6143.5 6074.7 6278.6 6057.9 6282.0 6085.0 复仇者级 0
5993.0 6118.0 5991.1 6093.4 6127.6 6083.2 6129.4 6107.8 复仇者级 0
6006.2 7949.8 5994.8 7834.3 6520.5 7782.4 6531.9 7897.9 黄蜂级 0
1862.2 1469.9 1821.3 1442.4 1993.3 1187.0 2034.2 1214.5 阿利·伯克级 0
2894.0 2057.0 2829.8 2039.2 2938.9 1645.1 3003.1 1662.8 圣安东尼奥级 0
