769.0 2281.0 263.7 2199.3 283.7 2075.5 789.0 2157.2 黄蜂级 0
1030.0 3497.0 525.7 3427.0 539.6 3326.5 1043.9 3396.5 塔瓦拉级 0
503.6 5689.7 501.5 5647.6 854.8 5629.9 856.9 5672.0 提康德罗加级 0
71.2 4276.6 67.4 4201.8 537.9 4178.0 541.7 4252.9 供应级 0
436.5 6059.5 435.4 6040.2 618.0 6030.0 619.1 6049.3 潜艇 0
109.5 5421.2 107.3 5384.3 385.6 5367.1 387.9 5404.0 佩里级 0
763.2 3151.0 343.2 3079.4 356.5 3001.4 776.5 3073.0 圣安东尼奥级 0
176.9 4375.6 174.6 4327.2 490.7 4312.6 492.9 4361.0 阿利·伯克级 0
617.3 7687.7 615.7 7648.8 843.4 7640.0 844.9 7678.9 其他 0
245.6 7377.6 240.4 7299.7 786.9 7263.3 792.0 7341.3 其他 0
1027.7 3345.0 606.3 3281.8 618.1 3203.5 1039.4 3266.7 圣安东尼奥级 0
938.0 3856.0 517.2 3792.8 528.9 3715.0 949.6 3778.2 刘易斯和克拉克级 0
595.9 4353.6 593.6 4305.2 909.7 4290.6 911.9 4339.0 阿利·伯克级 0
200.1 4756.9 197.4 4706.3 513.9 4689.0 516.7 4739.6 阿利·伯克级 0
525.4 5309.5 523.8 5258.9 840.6 5248.4 842.3 5299.1 阿利·伯克级 0
577.3 5596.8 575.4 5559.9 853.9 5545.4 855.8 5582.4 佩里级 0
93.7 5718.1 91.6 5667.5 408.3 5653.8 410.5 5704.5 阿利·伯克级 0
184.6 6148.3 183.4 6127.2 367.8 6116.9 369.0 6138.0 潜艇 0
