5989.9 7470.1 5984.8 7420.5 6306.3 7387.7 6311.4 7437.3 阿利·伯克级 0
5858.1 6775.9 5849.2 6709.6 6228.2 6658.7 6237.1 6725.0 惠特贝岛级 0
4006.0 3370.4 3975.9 3327.2 4236.0 3146.0 4266.1 3189.2 阿利·伯克级 0
4282.7 3736.6 4245.9 3683.3 4532.3 3485.2 4569.1 3538.5 其他 0
5488.9 5870.8 5481.4 5806.4 5837.1 5764.5 5844.6 5829.0 奥斯汀级 0
1427.5 1355.3 1374.2 1319.0 1572.7 1027.5 1626.1 1063.8 其他 0
5262.9 5484.2 5202.5 5394.1 5632.6 5105.9 5693.0 5196.0 塔瓦拉级 0
4352.2 3791.0 4328.8 3756.9 4567.8 3593.4 4591.2 3627.6 佩里级 0
4640.6 4193.3 4599.2 4133.8 4947.6 3891.5 4989.0 3951.0 凯泽级 0
4800.9 4512.3 4757.5 4449.0 5048.3 4249.3 5091.7 4312.6 其他 0
5148.9 4267.0 5103.5 4200.4 5410.5 3991.0 5455.9 4057.6 奥斯汀级 0
6155.4 8673.1 6151.3 8634.3 6382.7 8609.9 6386.8 8648.8 其他 0
2735.7 2235.8 2403.2 2003.4 2435.4 1957.3 2767.9 2189.8 其他 0
4850.9 3240.7 4715.7 3046.8 4746.7 3025.3 4881.9 3219.1 其他 0
5475.7 7679.8 5468.0 7594.9 6006.2 7546.0 6013.9 7630.9 塔瓦拉级 0
694.2 761.2 655.4 735.1 819.2 491.8 858.0 517.9 佩里级 0
3576.5 2487.0 3552.9 2454.7 3776.5 2291.7 3800.0 2324.0 佩里级 0
1132.7 1177.5 1072.2 1135.3 1285.0 830.6 1345.4 872.8 奥斯汀级 0
5461.1 6439.8 5457.6 6398.0 5622.5 6384.2 5626.0 6425.9 其他 0
2376.0 1760.6 2328.4 1749.4 2409.3 1404.8 2456.8 1416.0 提康德罗加级 0
1199.1 1203.5 1152.2 1167.4 1317.2 952.9 1364.0 988.9 其他 0
3530.5 2421.5 3505.9 2386.9 3732.0 2226.0 3756.6 2260.6 佩里级 0
4379.8 3214.2 4352.6 3177.0 4645.8 2961.9 4673.0 2999.0 提康德罗加级 0
395.0 680.4 352.6 645.3 557.9 397.4 600.2 432.5 阿利·伯克级 0
4665.6 3478.1 4639.3 3440.6 4870.0 3279.0 4896.2 3316.4 佩里级 0
5101.9 3610.7 4958.4 3412.4 4984.3 3393.6 5127.8 3591.9 其他 0
5493.2 4712.3 5463.9 4672.7 5747.7 4462.2 5777.1 4501.9 提康德罗加级 0
2968.7 2433.5 2898.6 2387.7 3222.8 1890.3 3293.0 1936.0 霍普级 0
3994.7 2551.6 3896.6 2432.6 3923.6 2410.4 4021.7 2529.4 其他 0
5432.1 6385.9 5426.9 6349.3 5566.8 6329.4 5572.0 6365.9 其他 0
323.4 631.0 282.5 594.3 497.4 354.8 538.4 391.5 阿利·伯克级 0
1315.4 1257.3 1253.4 1217.4 1454.2 904.8 1516.3 944.6 奥斯汀级 0
4939.3 3844.8 4915.0 3809.0 5147.8 3650.6 5172.2 3686.4 佩里级 0
5423.8 4636.7 5395.2 4596.5 5683.2 4391.8 5711.8 4432.0 提康德罗加级 0
5020.2 4917.9 4994.6 4880.2 5294.0 4677.0 5319.6 4714.7 提康德罗加级 0
5719.4 5114.2 5691.3 5073.7 5981.6 4872.3 6009.7 4912.8 提康德罗加级 0
5219.4 5359.2 5190.5 5317.6 5487.0 5112.0 5515.8 5153.6 提康德罗加级 0
