1229.0 631.8 815.4 543.3 829.1 479.4 1242.7 567.9 圣安东尼奥级 0
208.5 1480.4 170.0 1470.2 261.0 1128.1 299.5 1138.4 提康德罗加级 0
619.0 1633.9 316.4 1533.3 330.7 1490.1 633.4 1590.7 阿利·伯克级 0
603.1 1680.7 300.7 1593.5 313.6 1548.7 616.0 1635.9 阿利·伯克级 0
979.0 1773.9 672.7 1682.2 685.5 1639.4 991.8 1731.1 阿利·伯克级 0
986.0 1815.9 646.3 1721.6 657.3 1682.0 997.0 1776.3 提康德罗加级 0
1126.6 2062.3 1014.7 1841.0 1049.1 1823.6 1161.0 2044.9 自由级 0
1253.7 2315.8 1142.5 2091.5 1184.9 2070.5 1296.0 2294.9 自由级 0
1395.2 2599.2 1282.7 2377.6 1319.5 2358.9 1432.0 2580.5 自由级 0
1689.4 2584.1 1624.0 2348.0 1659.8 2338.1 1725.2 2574.2 自由级 0
1509.0 2011.8 1426.0 1712.0 1474.5 1698.6 1557.5 1998.4 阿利·伯克级 0
1538.8 1703.3 1482.9 1584.7 1957.0 1361.0 2013.0 1479.6 黄蜂级 0
