490.6 2271.9 490.6 1777.7 565.9 1777.7 565.9 2271.9 其他 0
2899.8 1437.1 2875.8 1436.9 2878.2 1232.9 2902.2 1233.1 潜艇 0
3509.0 974.0 3481.0 974.0 3481.0 626.0 3509.0 626.0 潜艇 0
1183.9 2191.9 1142.0 2191.0 1150.0 1838.6 1191.9 1839.5 提康德罗加级 0
3381.4 1159.4 3357.0 1159.1 3359.0 951.2 3383.3 951.4 潜艇 0
464.9 2351.9 300.2 2347.1 319.3 1693.3 484.0 1698.2 航母 0
256.9 2354.5 243.3 2084.3 274.2 2082.7 287.9 2352.9 佩里级 0
4622.0 651.0 4571.0 651.0 4571.0 277.0 4622.0 277.0 其他 0
4458.9 757.3 4456.0 434.4 4499.0 434.0 4502.0 756.9 潜艇 0
1548.8 1590.2 1547.2 1392.1 1573.2 1391.9 1574.9 1589.9 潜艇 0
844.9 2380.9 651.9 2375.3 671.6 1700.2 864.6 1705.8 航母 0
1139.9 2315.9 951.4 2310.4 970.6 1653.2 1159.1 1658.7 航母 0
1437.9 1974.9 1260.5 1973.3 1266.9 1283.0 1444.2 1284.6 航母 0
2899.7 1699.1 2875.7 1698.8 2878.3 1494.9 2902.3 1495.2 潜艇 0
2924.5 1438.1 2923.5 1234.1 2947.5 1233.9 2948.5 1437.9 潜艇 0
2854.2 1430.1 2830.2 1429.9 2831.8 1225.9 2855.8 1226.1 潜艇 0
2945.4 1433.0 2944.6 1229.0 2968.6 1229.0 2969.4 1433.0 潜艇 0
2897.4 1439.0 2896.6 1235.0 2920.6 1235.0 2921.4 1439.0 潜艇 0
2856.4 1431.0 2855.6 1227.0 2879.6 1227.0 2880.4 1431.0 潜艇 0
2946.3 1698.1 2922.4 1697.9 2923.7 1493.9 2947.6 1494.1 潜艇 0
2994.9 1680.9 2968.5 1680.8 2969.7 1502.9 2996.0 1503.1 潜艇 0
2969.9 1668.9 2947.6 1668.8 2948.7 1503.9 2970.9 1504.1 潜艇 0
2924.2 1709.1 2900.2 1708.9 2901.8 1504.9 2925.8 1505.1 潜艇 0
288.9 2355.5 275.3 2085.3 306.2 2083.7 319.9 2353.9 佩里级 0
860.6 2272.9 860.6 1778.7 935.9 1778.7 935.9 2272.9 其他 0
1151.7 1630.1 1148.5 1359.5 1179.5 1359.1 1182.7 1629.7 其他 0
2788.9 1779.9 2761.7 1779.7 2763.8 1508.9 2791.1 1509.1 潜艇 0
4165.9 778.0 4164.0 572.4 4185.1 572.2 4187.0 777.8 潜艇 0
4353.1 741.1 4351.0 508.4 4375.9 508.2 4378.0 740.8 潜艇 0
2878.6 1873.0 2828.6 1872.6 2832.3 1439.8 2882.2 1440.2 其他 0
