346.6 874.8 309.8 844.3 509.2 603.5 546.0 634.0 阿利·伯克级 0
573.1 1107.7 509.1 1068.3 736.2 699.1 800.2 738.5 圣安东尼奥级 0
1334.9 1511.6 1300.1 1489.2 1492.2 1190.5 1527.0 1212.9 提康德罗加级 0
1472.7 1574.8 1428.6 1547.1 1590.9 1289.1 1635.0 1316.9 阿利·伯克级 0
1522.7 1680.7 1472.5 1648.5 1675.1 1333.5 1725.3 1365.8 惠特贝岛级 0
1532.4 1759.5 1500.3 1738.9 1689.8 1444.3 1721.9 1465.0 提康德罗加级 0
2663.7 2448.2 2442.9 2297.0 2476.2 2248.3 2697.0 2399.6 独立级 0
3637.7 3310.6 3589.8 3241.9 4045.0 2924.3 4092.9 2993.0 仁慈级 0
3760.1 3377.0 3733.0 3339.1 3984.8 3159.0 4011.9 3197.0 阿利·伯克级 0
4106.8 3128.8 4082.0 3094.8 4365.2 2888.0 4389.9 2922.0 提康德罗加级 0
4335.9 3390.6 4307.3 3350.4 4568.9 3164.0 4597.5 3204.1 阿利·伯克级 0
4015.3 3618.9 3987.3 3579.8 4242.9 3397.0 4270.9 3436.1 阿利·伯克级 0
4070.8 3692.2 4044.6 3655.5 4296.7 3475.3 4322.9 3512.0 阿利·伯克级 0
4399.2 3459.4 4372.4 3422.6 4627.2 3237.2 4653.9 3274.0 阿利·伯克级 0
4844.9 3493.0 4712.4 3294.3 4736.5 3278.2 4869.1 3476.8 其他 0
4275.5 4006.3 4233.3 3947.2 4578.4 3700.4 4620.7 3759.5 圣安东尼奥级 0
4584.7 4359.5 4534.6 4290.9 5025.0 3932.8 5075.1 4001.4 霍普级 0
4993.0 4162.0 4972.2 4132.2 5168.0 3995.6 5188.8 4025.3 自由级 0
5065.9 3811.0 4966.3 3665.5 4994.6 3646.1 5094.2 3791.7 其他 0
5209.4 4603.7 5177.4 4558.0 5486.9 4341.3 5518.9 4387.0 惠特贝岛级 0
4875.9 4851.5 4840.1 4802.4 5142.0 4581.9 5177.9 4631.0 惠特贝岛级 0
5042.8 5162.7 5015.7 5124.7 5274.9 4940.0 5302.0 4978.0 阿利·伯克级 0
5442.0 4880.0 5417.0 4845.0 5703.5 4640.1 5728.5 4675.1 提康德罗加级 0
5085.0 5329.4 5007.8 5223.3 5417.8 4924.9 5495.0 5031.0 黄蜂级 0
5689.9 5277.9 5662.0 5237.9 5924.1 5055.0 5952.0 5095.0 阿利·伯克级 0
5256.1 5588.6 5230.5 5552.6 5519.0 5347.0 5544.6 5382.9 提康德罗加级 0
5780.7 6093.6 5776.7 6063.4 5918.0 6045.0 5921.9 6075.3 复仇者级 0
5766.2 6437.8 5760.1 6377.1 6130.0 6340.2 6136.0 6401.0 其他 0
5409.4 6816.5 5405.1 6778.3 5753.8 6739.5 5758.0 6777.8 提康德罗加级 0
5416.5 6935.7 5412.3 6898.4 5759.9 6859.8 5764.0 6897.0 提康德罗加级 0
5866.5 6889.5 5861.7 6845.5 6176.2 6811.1 6181.0 6855.0 阿利·伯克级 0
5531.6 7962.9 5516.1 7835.3 6029.0 7773.0 6044.5 7900.7 黄蜂级 0
