5371.0 4141.0 5339.1 4105.3 5578.4 3891.4 5610.3 3927.1 阿利·伯克级 0
5483.8 2983.0 5395.4 2624.1 5449.1 2610.9 5537.5 2969.7 提康德罗加级 0
5583.8 2969.0 5495.4 2610.1 5549.1 2596.9 5637.5 2955.7 提康德罗加级 0
6319.4 3367.4 6102.2 3119.7 6135.8 3090.3 6353.0 3337.9 阿利·伯克级 0
6337.8 2814.0 5803.8 2390.2 5913.6 2252.0 6447.5 2675.7 航母 0
5501.0 4349.9 5397.9 4227.5 5412.2 4215.5 5515.2 4337.9 潜艇 0
5517.0 4336.9 5413.9 4214.5 5428.2 4202.5 5531.2 4324.9 潜艇 0
4418.6 4006.3 4186.6 3798.9 4210.9 3771.7 4443.0 3979.0 其他 0
3927.0 3349.0 3892.5 3327.9 4053.3 3064.6 4087.8 3085.7 其他 0
3873.2 3320.3 3835.1 3299.6 3958.9 3071.3 3997.0 3091.9 其他 0
1453.6 1066.5 1445.8 1018.3 1729.3 972.8 1737.0 1021.0 其他 0
1373.4 950.5 1296.8 726.8 1336.3 713.2 1413.0 937.0 其他 0
1840.5 971.6 1814.7 945.1 1968.5 795.7 1994.3 822.2 其他 0
1829.5 938.6 1803.7 912.1 1957.5 762.7 1983.3 789.2 其他 0
1196.7 891.6 1172.2 739.8 1200.5 735.2 1225.0 887.0 其他 0
