711.9 2159.4 680.4 2158.0 693.3 1878.6 724.8 1880.1 佩里级 0
2561.0 1458.0 2542.0 1458.0 2542.0 1269.0 2561.0 1269.0 潜艇 0
2754.0 1684.0 2754.0 1488.0 2778.0 1488.0 2778.0 1684.0 潜艇 0
2727.0 1429.0 2707.0 1429.0 2707.0 1234.0 2727.0 1234.0 潜艇 0
2709.0 1698.0 2689.0 1698.0 2689.0 1501.0 2709.0 1501.0 潜艇 0
1231.3 1982.5 1047.4 1980.8 1053.6 1306.8 1237.5 1308.5 航母 0
2793.7 1419.3 2773.4 1419.0 2776.5 1228.7 2796.8 1229.0 潜艇 0
2774.0 1431.0 2752.0 1431.0 2752.0 1236.0 2774.0 1236.0 潜艇 0
2638.0 1430.0 2616.0 1430.0 2616.0 1226.0 2638.0 1226.0 潜艇 0
2660.0 1420.0 2636.0 1420.0 2636.0 1224.0 2660.0 1224.0 潜艇 0
2750.0 1418.0 2729.0 1418.0 2729.0 1223.0 2750.0 1223.0 潜艇 0
1400.0 2031.0 1331.0 2031.0 1331.0 1631.0 1400.0 1631.0 其他 0
2682.0 1434.0 2682.0 1230.0 2706.0 1230.0 2706.0 1434.0 潜艇 0
2753.0 1675.0 2734.0 1675.0 2734.0 1508.0 2753.0 1508.0 潜艇 0
1360.0 1491.9 1331.3 1491.0 1337.1 1312.0 1365.8 1313.0 潜艇 0
2663.0 1436.1 2661.9 1238.0 2682.9 1237.9 2683.9 1436.0 潜艇 0
2732.0 1684.0 2710.0 1684.0 2710.0 1490.0 2732.0 1490.0 潜艇 0
3642.0 1070.8 3558.0 1070.8 3558.0 484.0 3642.0 484.0 霍普级 0
2687.0 1687.0 2667.0 1687.0 2667.0 1499.0 2687.0 1499.0 潜艇 0
2628.0 1892.9 2623.9 1446.9 2666.4 1446.5 2670.5 1892.5 其他 0
4382.0 623.0 4357.0 623.0 4357.0 464.9 4382.0 464.9 潜艇 0
4380.0 664.9 4378.9 461.9 4407.8 461.8 4408.9 664.8 潜艇 0
920.0 2324.0 762.7 2322.6 768.6 1681.8 925.9 1683.3 航母 0
637.0 2366.0 472.7 2364.5 478.6 1721.8 642.9 1723.4 航母 0
259.0 2366.0 99.6 2364.5 105.6 1719.8 264.9 1721.3 航母 0
434.0 2343.0 254.8 2337.5 274.9 1686.0 454.1 1691.5 航母 0
679.9 2160.4 648.4 2159.0 661.3 1879.6 692.8 1881.1 佩里级 0
973.0 1703.0 933.2 1701.7 944.5 1345.6 984.3 1346.8 提康德罗加级 0
2521.0 1416.9 2521.0 1327.0 2533.0 1327.0 2533.0 1416.9 潜艇 0
