99.0 342.8 79.6 30.1 130.2 27.0 149.5 339.7 阿利·伯克级 0
1034.6 853.6 1009.4 488.4 1074.0 483.9 1099.2 849.1 惠特贝岛级 0
592.9 886.8 568.9 541.0 614.2 537.8 638.3 883.6 提康德罗加级 0
1116.8 434.6 1091.3 71.1 1154.1 66.7 1179.7 430.2 惠特贝岛级 0
693.2 865.8 669.1 522.9 708.7 520.1 732.9 863.1 提康德罗加级 0
1001.9 414.0 980.5 71.7 1050.4 67.3 1071.8 409.6 奥斯汀级 0
226.2 873.1 205.0 529.3 250.8 526.5 272.0 870.3 提康德罗加级 0
513.1 506.9 493.8 15.5 592.1 11.7 611.4 503.1 塔瓦拉级 0
1141.9 851.5 1120.4 511.1 1189.7 506.8 1211.2 847.2 奥斯汀级 0
306.4 901.1 304.8 870.7 533.6 859.0 535.1 889.4 其他 0
