173.6 911.8 128.5 600.8 179.2 593.4 224.3 904.4 阿利·伯克级 0
224.4 513.9 178.8 176.9 222.3 171.0 267.9 508.0 提康德罗加级 0
131.8 523.4 91.9 179.7 134.4 174.8 174.3 518.4 提康德罗加级 0
584.3 417.9 550.4 148.8 592.1 143.5 626.1 412.6 佩里级 0
1033.9 331.8 1003.2 64.0 1043.6 59.4 1074.4 327.1 佩里级 0
1108.2 318.6 1079.6 55.7 1122.1 51.1 1150.7 314.0 佩里级 0
628.9 835.3 601.8 561.8 642.6 557.8 669.7 831.3 佩里级 0
715.7 830.3 666.9 427.0 734.6 418.8 783.3 822.2 凯泽级 0
267.8 928.3 224.4 581.1 269.4 575.5 312.8 922.6 提康德罗加级 0
1161.9 741.0 1122.6 399.0 1183.0 392.1 1222.3 734.1 其他 0
1059.6 741.8 1010.7 399.8 1078.7 390.1 1127.6 732.1 奥斯汀级 0
292.2 154.5 288.3 125.3 515.3 95.8 519.1 125.1 其他 0
719.3 104.2 716.4 74.8 944.1 52.1 947.0 81.5 其他 0
