948.9 670.1 936.5 647.7 1125.0 543.7 1137.4 566.1 潜艇 0
992.2 721.3 980.9 701.6 1139.7 610.6 1151.0 630.3 潜艇 0
1374.7 3063.3 1355.3 3047.9 1493.0 2874.8 1512.4 2890.3 潜艇 0
1011.5 1626.2 1000.4 1605.2 1174.9 1513.5 1185.9 1534.5 潜艇 0
1220.0 2653.9 1199.1 2639.0 1312.8 2478.8 1333.7 2493.6 潜艇 0
951.1 1266.0 941.1 1247.7 1103.4 1158.9 1113.4 1177.2 潜艇 0
952.0 1554.7 939.9 1533.1 1129.3 1426.5 1141.4 1448.1 潜艇 0
982.5 1108.0 972.7 1090.2 1138.2 999.5 1147.9 1017.4 潜艇 0
980.6 1335.1 970.5 1316.3 1141.9 1224.7 1152.0 1243.5 潜艇 0
2066.4 4233.9 2012.9 4053.4 2035.9 4046.5 2089.4 4227.1 潜艇 0
1290.3 11035.9 1288.1 11002.4 1461.8 10991.1 1464.0 11024.5 其他 0
2953.3 13911.8 2936.9 13893.1 3106.5 13744.2 3122.9 13762.9 潜艇 0
2938.9 13722.9 2920.3 13701.1 3076.8 13566.8 3095.5 13588.6 潜艇 0
