2541.9 2057.7 2132.0 1953.9 2148.5 1888.7 2558.4 1992.5 其他 0
4477.9 3306.9 4457.8 3277.1 4654.8 3144.5 4674.9 3174.3 其他 0
318.8 870.0 302.9 815.1 622.7 722.4 638.6 777.4 其他 0
6158.4 4055.4 6113.1 3989.3 6456.0 3754.3 6501.3 3820.4 其他 0
6110.4 4010.4 6065.1 3944.3 6408.0 3709.3 6453.3 3775.4 其他 0
5815.9 3898.9 5778.5 3844.3 6117.0 3612.3 6154.5 3666.9 其他 0
5750.9 3862.9 5713.5 3808.3 6052.0 3576.3 6089.5 3630.9 其他 0
4533.9 3611.9 4504.6 3569.1 4761.0 3393.3 4790.4 3436.1 其他 0
3469.9 3202.9 3448.2 3169.2 3584.7 3081.5 3606.4 3115.3 其他 0
4162.0 3523.9 4138.0 3486.6 4259.1 3408.8 4283.1 3446.1 其他 0
2550.9 1989.7 2141.0 1885.9 2157.5 1820.7 2567.4 1924.5 其他 0
1396.4 1193.9 930.0 1156.9 936.2 1078.3 1402.6 1115.3 供应级 0
