6009.5 7822.8 5998.9 7730.0 6515.4 7671.1 6526.0 7763.8 黄蜂级 0
4588.0 3730.5 4556.9 3683.1 4830.9 3503.4 4862.0 3550.8 阿利·伯克级 0
6280.8 5383.1 6249.1 5337.5 6516.7 5151.3 6548.4 5196.8 阿利·伯克级 0
5214.7 4470.6 5169.9 4410.5 5510.7 4156.3 5555.5 4216.4 凯泽级 0
6444.6 6788.1 6440.0 6738.6 6764.0 6708.8 6768.5 6758.3 阿利·伯克级 0
5696.7 4545.9 5659.7 4495.9 5942.0 4286.9 5979.0 4336.8 奥斯汀级 0
5574.5 5193.6 5548.1 5156.1 5840.6 4950.3 5867.0 4987.8 提康德罗加级 0
3857.9 2875.5 3806.3 2799.7 4119.5 2586.8 4171.0 2662.6 其他 0
3265.0 2534.8 2911.1 2315.0 2956.4 2242.0 3310.4 2461.8 刘易斯和克拉克级 0
863.9 916.2 822.2 881.8 1024.3 636.6 1066.0 671.0 阿利·伯克级 0
3932.0 2982.8 3870.9 2899.1 4322.0 2569.7 4383.1 2653.4 仁慈级 0
6438.1 7388.0 6428.6 7317.1 6781.5 7270.0 6791.0 7340.8 其他 0
5658.0 3933.8 5518.0 3735.6 5549.2 3713.6 5689.2 3911.8 其他 0
5214.6 3853.3 5187.2 3812.3 5425.4 3652.8 5452.8 3693.7 佩里级 0
5332.2 5222.5 5233.9 5121.8 5261.4 5094.9 5359.7 5195.6 其他 0
2066.8 1697.4 2002.1 1655.3 2198.3 1353.9 2263.0 1396.0 奥斯汀级 0
4164.7 2628.9 4141.9 2590.8 4269.2 2514.7 4292.0 2552.8 其他 0
1965.0 1683.0 1890.6 1632.9 2108.4 1309.6 2182.8 1359.7 惠特贝岛级 0
912.9 794.6 874.4 763.5 979.7 633.5 1018.2 664.6 其他 0
2959.9 2177.6 2821.4 2148.6 2927.5 1643.0 3066.0 1672.0 黄蜂级 0
2787.0 1778.8 2743.0 1759.6 2803.4 1621.1 2847.5 1640.3 其他 0
4536.7 3664.2 4503.3 3618.4 4768.3 3425.7 4801.6 3471.5 阿利·伯克级 0
4906.0 3508.9 4874.2 3466.0 5171.3 3245.3 5203.1 3288.2 提康德罗加级 0
4621.1 3162.4 4592.0 3117.7 4902.2 2915.8 4931.3 2960.5 提康德罗加级 0
6202.5 5318.6 6176.1 5281.1 6468.6 5075.3 6495.0 5112.8 提康德罗加级 0
6464.6 6914.1 6460.0 6864.6 6784.0 6834.8 6788.5 6884.3 阿利·伯克级 0
5953.6 6973.1 5949.0 6923.6 6273.0 6893.8 6277.5 6943.3 阿利·伯克级 0
4552.9 2883.8 4456.1 2773.8 4487.0 2746.7 4583.8 2856.7 其他 0
