600.9 626.7 560.4 593.2 756.8 356.0 797.3 389.6 阿利·伯克级 0
966.8 800.3 910.9 764.4 1104.2 463.9 1160.0 499.9 奥斯汀级 0
1454.6 1228.1 1415.0 1199.1 1597.4 949.9 1637.0 978.9 阿利·伯克级 0
1613.7 1216.4 1574.7 1190.2 1747.0 933.7 1786.0 959.9 阿利·伯克级 0
1706.0 1347.7 1664.8 1319.4 1861.9 1032.3 1903.1 1060.6 提康德罗加级 0
2379.8 1639.6 2349.0 1625.8 2462.0 1373.9 2492.8 1387.7 佩里级 0
3338.6 2280.2 3253.5 2226.9 3478.0 1868.9 3563.1 1922.2 刘易斯和克拉克级 0
3468.5 2328.3 3376.3 2274.2 3589.8 1909.8 3682.0 1963.9 刘易斯和克拉克级 0
3561.9 2577.9 3508.6 2501.5 3961.0 2185.9 4014.3 2262.3 仁慈级 0
3611.0 2688.1 3559.1 2613.7 4038.1 2279.5 4090.0 2353.9 霍普级 0
3928.2 3028.9 3897.7 2983.3 4160.0 2808.0 4190.5 2853.6 阿利·伯克级 0
4000.1 3126.8 3975.2 3091.4 4259.2 2892.6 4284.0 2928.0 提康德罗加级 0
4375.9 2870.0 4347.0 2829.5 4607.1 2643.6 4636.0 2684.0 阿利·伯克级 0
4585.2 3141.3 4558.2 3101.7 4858.0 2897.0 4885.0 2936.5 提康德罗加级 0
4665.8 3198.1 4636.9 3156.8 4894.1 2976.7 4923.0 3018.0 阿利·伯克级 0
4928.0 3467.9 4903.4 3431.9 5128.0 3278.0 5152.6 3313.9 佩里级 0
4976.7 3534.5 4956.2 3505.9 5183.9 3343.1 5204.3 3371.8 佩里级 0
4555.1 3737.3 4533.3 3706.7 4758.0 3546.0 4779.9 3576.6 佩里级 0
4627.5 3816.4 4588.4 3762.9 4893.0 3540.5 4932.0 3594.0 惠特贝岛级 0
5388.0 3636.0 5248.0 3452.4 5276.1 3431.0 5416.1 3614.6 其他 0
4859.7 4091.1 4837.8 4060.5 5065.0 3898.0 5086.9 3928.7 佩里级 0
4930.0 4142.2 4908.2 4111.5 5132.1 3951.4 5154.0 3982.0 佩里级 0
5696.0 4631.9 5666.8 4589.2 5932.0 4408.0 5961.2 4450.8 阿利·伯克级 0
5751.6 4720.9 5723.6 4682.5 5990.1 4488.6 6018.0 4527.0 阿利·伯克级 0
5928.0 5045.2 5892.6 4994.6 6202.0 4778.0 6237.4 4828.6 惠特贝岛级 0
5742.4 5872.0 5736.1 5808.9 6111.0 5771.0 6117.4 5834.1 惠特贝岛级 0
6026.2 6192.1 6020.1 6130.6 6392.9 6093.5 6399.0 6155.0 其他 0
5622.5 6587.6 5613.2 6515.4 6032.0 6461.0 6041.4 6533.2 圣安东尼奥级 0
5690.5 6696.7 5685.2 6637.7 6004.5 6608.6 6009.9 6667.6 阿利·伯克级 0
6032.0 6691.2 6022.5 6612.6 6485.5 6556.4 6495.0 6635.0 供应级 0
6199.2 7198.2 6191.4 7127.0 6542.0 7088.6 6549.8 7159.8 奥斯汀级 0
6278.7 7480.3 6272.7 7425.9 6586.0 7391.0 6592.1 7445.4 阿利·伯克级 0
6290.3 7615.9 6282.8 7558.8 6594.7 7518.3 6602.1 7575.4 阿利·伯克级 0
5311.6 7988.2 5279.2 7886.9 5786.8 7724.8 5819.1 7826.1 塔瓦拉级 0
