2092.0 506.0 1424.1 385.0 1454.6 216.7 2122.5 337.7 航母 0
1976.6 1102.4 1313.5 993.8 1341.0 825.4 2004.2 934.1 航母 0
1964.0 1277.7 1427.0 1186.0 1439.9 1110.2 1977.0 1202.0 仁慈级 0
1590.0 2442.0 1092.4 2372.3 1109.4 2250.7 1607.0 2320.4 黄蜂级 0
1416.4 2544.7 1005.9 2487.9 1015.4 2419.1 1425.9 2475.9 凯泽级 0
1407.9 2679.9 996.7 2613.9 1006.7 2552.0 1417.9 2618.1 凯泽级 0
1717.2 2894.7 1258.0 2821.0 1269.7 2748.2 1728.9 2822.0 供应级 0
813.0 3536.1 811.7 3492.2 1125.0 3483.0 1126.3 3526.9 阿利·伯克级 0
1311.5 3605.7 1310.3 3565.6 1658.4 3555.4 1659.5 3595.5 提康德罗加级 0
828.0 4881.0 827.1 4834.0 1145.0 4827.9 1145.9 4874.9 阿利·伯克级 0
824.3 4972.0 823.1 4932.0 1168.9 4921.9 1170.1 4961.9 提康德罗加级 0
1271.3 4859.9 1269.4 4813.5 1578.7 4800.9 1580.6 4847.2 阿利·伯克级 0
1399.4 5308.6 1398.1 5289.9 1578.9 5277.4 1580.2 5296.0 潜艇 0
893.5 5420.3 891.8 5399.4 1081.3 5384.3 1083.0 5405.3 潜艇 0
1154.0 5397.5 1153.1 5378.7 1328.0 5370.0 1328.9 5388.9 潜艇 0
989.4 6636.4 985.0 6564.0 1517.6 6531.6 1522.0 6604.0 其他 0
