5537.6 4572.4 5499.6 4529.0 5742.4 4316.4 5780.4 4359.8 阿利·伯克级 0
5605.8 4615.0 5581.6 4587.4 5797.4 4398.4 5821.6 4426.0 佩里级 0
5202.9 3609.0 5110.6 3299.5 5157.5 3285.5 5249.9 3595.0 阿利·伯克级 0
5246.7 3602.5 5150.6 3255.4 5188.5 3244.9 5284.6 3592.0 提康德罗加级 0
5286.7 3593.5 5190.6 3246.4 5228.5 3235.9 5324.6 3583.0 提康德罗加级 0
5697.7 3489.7 5610.9 3137.6 5678.8 3120.9 5765.5 3472.9 奥斯汀级 0
5810.9 3438.9 5718.9 3065.6 5780.7 3050.4 5872.7 3423.7 惠特贝岛级 0
6496.4 3817.5 6059.1 3340.0 6187.9 3222.0 6625.3 3699.5 航母 0
5745.7 4829.4 5641.8 4716.0 5655.8 4703.2 5759.7 4816.6 潜艇 0
5729.7 4846.4 5625.8 4733.0 5639.8 4720.2 5743.7 4833.6 潜艇 0
1593.7 1450.2 1522.4 1227.7 1563.6 1214.5 1634.8 1437.0 其他 0
2005.8 1476.0 1983.8 1453.3 2180.4 1262.5 2202.4 1285.1 其他 0
4443.8 4107.0 4408.8 4087.4 4562.7 3812.4 4597.7 3832.0 其他 0
4391.8 4060.0 4356.8 4040.4 4510.7 3765.4 4545.7 3785.0 其他 0
4158.8 3708.0 4134.9 3694.6 4234.7 3516.4 4258.6 3529.7 其他 0
6624.5 3443.7 6499.2 3342.1 6515.4 3322.1 6640.8 3423.6 其他 0
