3698.9 1342.8 3571.0 992.6 3636.6 968.7 3764.4 1318.9 奥斯汀级 0
2634.5 1153.7 2596.1 1041.4 3060.4 882.7 3098.8 995.1 其他 0
2730.5 2227.7 2692.1 2115.4 3156.4 1956.7 3194.8 2069.1 其他 0
2485.9 1988.6 2459.2 1766.7 2492.0 1762.8 2518.7 1984.6 其他 0
2092.7 1505.5 1986.9 1262.0 2017.2 1248.8 2123.0 1492.3 其他 0
3937.7 2141.6 3839.8 1801.1 3876.0 1790.8 3973.9 2131.2 其他 0
4020.6 2130.7 3931.8 1822.1 3967.0 1812.0 4055.7 2120.6 其他 0
4062.6 2119.7 3973.8 1811.1 4009.0 1801.0 4097.7 2109.6 其他 0
4288.0 2183.7 4191.8 1849.1 4230.5 1838.0 4326.7 2172.6 其他 0
4329.5 2160.9 4235.8 1835.1 4275.1 1823.9 4368.7 2149.6 其他 0
4413.1 2150.4 4330.8 1864.1 4361.4 1855.3 4443.7 2141.6 其他 0
4452.5 2167.9 4358.8 1842.1 4398.1 1830.9 4491.7 2156.6 其他 0
6308.8 2528.1 6043.9 2454.5 6052.7 2422.8 6317.6 2496.3 其他 0
6643.7 2624.6 6412.6 2560.4 6419.7 2534.8 6650.9 2599.0 其他 0
6651.7 2593.6 6420.6 2529.4 6427.7 2503.8 6658.9 2568.0 其他 0
2960.3 4057.7 2925.1 3627.1 2983.9 3622.2 3019.1 4052.9 其他 0
3592.2 968.4 3517.0 755.9 3557.8 741.5 3633.0 953.9 其他 0
3569.9 1720.9 3527.4 1588.9 3552.0 1580.9 3594.6 1713.0 复仇者级 0
3492.9 1505.3 3484.3 1480.9 3615.0 1434.5 3623.7 1458.9 复仇者级 0
2444.3 1625.7 2427.2 1483.7 2458.8 1479.9 2475.9 1621.9 其他 0
