1123.1 571.5 855.7 520.2 862.0 486.9 1129.5 538.1 佩里级 0
1118.0 602.8 842.5 558.6 848.1 523.7 1123.6 567.9 佩里级 0
420.5 738.3 378.1 726.6 462.6 421.3 505.0 433.0 阿利·伯克级 0
309.5 1118.2 265.8 1105.6 354.7 798.0 398.5 810.7 阿利·伯克级 0
243.0 1434.0 178.7 1416.1 237.5 1204.9 301.8 1222.8 其他 0
618.0 1685.8 325.5 1605.1 337.6 1561.3 630.1 1642.0 阿利·伯克级 0
983.0 1816.8 677.2 1732.5 689.1 1689.2 994.9 1773.5 阿利·伯克级 0
1383.7 2585.9 1276.5 2365.0 1313.8 2346.9 1421.0 2567.8 自由级 0
1656.0 2574.8 1534.0 2168.5 1604.2 2147.5 1726.2 2553.8 圣安东尼奥级 0
1528.1 2115.2 1422.6 1750.7 1482.9 1733.2 1588.3 2097.8 惠特贝岛级 0
1540.4 1699.1 1487.5 1592.6 1947.9 1364.0 2000.8 1470.5 黄蜂级 0
1118.5 2040.1 1060.1 1921.8 1082.6 1910.7 1141.0 2029.0 其他 0
1268.8 2322.2 1223.5 2228.3 1236.0 2222.3 1281.3 2316.2 潜艇 0
