1886.9 2261.7 1863.9 2232.8 2088.0 2055.0 2110.9 2083.9 佩里级 0
3499.0 2781.0 3474.9 2743.4 3773.3 2551.8 3797.5 2589.4 提康德罗加级 0
3008.0 2762.0 2988.1 2731.6 3224.3 2576.5 3244.3 2606.9 佩里级 0
1666.6 2112.0 1627.0 2065.0 1940.0 1801.8 1979.6 1848.8 凯泽级 0
2995.6 2410.3 2986.8 2396.8 3111.1 2315.5 3120.0 2329.0 潜艇 0
2386.1 2382.1 2376.8 2367.8 2494.7 2290.7 2504.0 2305.0 潜艇 0
2402.1 2399.1 2392.8 2384.8 2510.7 2307.7 2520.0 2322.0 潜艇 0
2206.1 2507.1 2196.8 2492.8 2314.7 2415.7 2324.0 2430.0 潜艇 0
2580.1 2249.1 2570.8 2234.8 2688.7 2157.7 2698.0 2172.0 潜艇 0
2721.6 2594.3 2712.8 2580.8 2837.1 2499.5 2846.0 2513.0 潜艇 0
2451.7 2284.0 2422.6 2241.6 2757.2 2012.4 2786.2 2054.8 其他 0
2199.6 2003.0 2168.0 1958.7 2295.1 1867.8 2326.8 1912.1 其他 0
