2213.0 504.0 1853.9 424.0 1863.8 379.4 2222.9 459.4 提康德罗加级 0
1565.8 353.8 1292.4 292.9 1300.8 254.9 1574.3 315.8 佩里级 0
1277.8 287.8 1000.7 231.4 1008.6 192.8 1285.7 249.2 佩里级 0
692.8 467.8 645.3 455.1 727.1 149.8 774.6 162.6 阿利·伯克级 0
588.2 772.9 554.8 763.6 590.8 634.3 624.2 643.6 其他 0
462.8 1227.8 429.3 1218.6 505.2 944.3 538.7 953.6 佩里级 0
489.8 1219.8 466.1 1212.8 505.0 1082.5 528.7 1089.6 其他 0
1237.9 1550.7 928.9 1468.7 942.1 1418.7 1251.2 1500.6 阿利·伯克级 0
1962.8 2333.8 1882.3 2065.4 1922.3 2053.4 2002.8 2321.8 佩里级 0
1875.4 2035.0 1796.0 1760.4 1835.1 1749.1 1914.5 2023.7 佩里级 0
1842.8 2032.8 1758.2 1770.2 1794.8 1758.4 1879.4 2021.1 佩里级 0
1786.7 1730.5 1706.4 1463.2 1743.9 1451.9 1824.1 1719.3 佩里级 0
1751.6 1446.3 1734.5 1412.7 2045.8 1254.8 2062.9 1288.5 提康德罗加级 0
2083.9 1280.8 2063.0 1237.5 2351.9 1097.6 2372.8 1140.9 阿利·伯克级 0
