5767.8 7548.2 5750.9 7430.9 6270.8 7356.0 6287.7 7473.3 黄蜂级 0
4382.1 2860.4 4352.7 2817.9 4608.4 2640.7 4637.8 2683.1 阿利·伯克级 0
5365.9 3611.7 5228.0 3423.2 5260.3 3399.6 5398.2 3588.1 其他 0
5689.6 6680.2 5684.6 6636.2 5999.8 6600.0 6004.9 6644.0 阿利·伯克级 0
3622.9 2673.9 3575.6 2605.0 4035.6 2289.3 4083.0 2358.3 仁慈级 0
5645.8 6564.2 5640.5 6524.3 5992.9 6476.9 5998.2 6516.9 提康德罗加级 0
5123.7 4606.4 5083.3 4550.1 5406.4 4318.5 5446.8 4374.9 惠特贝岛级 0
4526.8 3747.0 4486.9 3689.9 4836.5 3445.2 4876.5 3502.3 圣安东尼奥级 0
667.5 675.0 627.5 642.8 820.0 404.0 860.0 436.2 阿利·伯克级 0
4912.9 4187.8 4869.7 4125.3 5099.7 3966.4 5142.9 4028.9 独立级 0
6004.7 6190.0 5995.9 6117.9 6391.0 6070.0 6399.8 6142.1 其他 0
5753.9 4717.9 5721.3 4673.2 5972.3 4489.8 6004.9 4534.5 阿利·伯克级 0
6334.1 7581.2 6328.4 7538.6 6606.1 7502.0 6611.8 7544.6 佩里级 0
1451.3 1239.1 1407.3 1208.2 1587.4 952.5 1631.3 983.4 其他 0
6087.3 6665.7 6078.8 6594.7 6500.3 6543.9 6508.9 6614.9 圣安东尼奥级 0
3198.0 2329.0 3130.4 2298.2 3288.1 1951.9 3355.8 1982.7 惠特贝岛级 0
1752.0 1499.0 1683.4 1455.2 1915.6 1091.0 1984.3 1134.8 其他 0
3796.9 2406.9 3777.5 2378.1 4003.7 2226.6 4023.0 2255.5 佩里级 0
1380.9 1222.2 1338.9 1195.0 1530.7 899.1 1572.7 926.3 提康德罗加级 0
4200.0 2841.8 4171.8 2803.9 4371.9 2655.2 4400.1 2693.2 自由级 0
5999.8 5111.1 5962.4 5056.4 6271.5 4845.2 6308.9 4899.9 惠特贝岛级 0
4645.0 3209.4 4617.1 3170.2 4902.5 2967.3 4930.4 3006.6 提康德罗加级 0
4847.4 4088.5 4800.9 4021.9 5277.3 3688.4 5323.9 3754.9 霍普级 0
5328.9 4891.9 5296.3 4847.2 5547.3 4663.8 5579.9 4708.5 阿利·伯克级 0
5709.6 4610.6 5678.7 4564.7 5936.6 4391.1 5967.5 4437.0 阿利·伯克级 0
5510.8 5365.8 5432.9 5256.8 5847.3 4960.5 5925.3 5069.5 黄蜂级 0
6115.5 6509.6 6109.7 6454.9 6425.8 6421.3 6431.6 6476.0 阿利·伯克级 0
1609.9 1238.0 1568.6 1211.3 1744.6 938.8 1785.9 965.5 其他 0
5749.9 5868.0 5746.6 5835.3 5872.7 5822.6 5876.0 5855.2 复仇者级 0
5896.3 5847.1 5892.3 5817.4 6020.9 5800.2 6024.9 5830.0 复仇者级 0
6044.3 5833.1 6040.3 5803.4 6168.9 5786.2 6172.9 5816.0 复仇者级 0
