2781.9 1441.0 2753.0 1441.0 2753.0 1239.0 2781.9 1239.0 潜艇 0
2737.9 1689.0 2713.0 1689.0 2713.0 1519.0 2737.9 1519.0 潜艇 0
2734.5 1706.0 2734.2 1509.0 2761.5 1508.9 2761.9 1706.0 潜艇 0
4375.0 507.0 4374.9 298.1 4400.7 298.1 4400.9 507.0 潜艇 0
3296.0 794.2 3269.5 794.2 3270.3 465.8 3296.8 465.9 潜艇 0
3568.1 1077.0 3555.7 481.1 3651.5 479.1 3663.9 1075.0 霍普级 0
709.9 2191.0 644.7 2188.2 659.7 1837.9 724.9 1840.7 奥斯汀级 0
2672.0 1890.0 2620.0 1890.0 2620.0 1442.0 2672.0 1442.0 其他 0
941.1 1640.4 938.1 1360.9 971.9 1360.5 974.9 1640.0 佩里级 0
3127.1 920.0 3121.2 779.8 3145.7 778.8 3151.6 919.0 其他 0
2322.6 1856.0 2156.0 1856.0 2156.0 1177.0 2322.6 1177.0 航母 0
920.9 2321.0 769.0 2321.0 769.0 1681.0 920.9 1681.0 航母 0
629.9 2366.0 470.0 2366.0 470.0 1721.0 629.9 1721.0 航母 0
258.9 2361.0 114.0 2361.0 114.0 1720.0 258.9 1720.0 航母 0
273.7 2340.4 268.3 1696.7 438.5 1695.3 443.9 2339.0 航母 0
2686.5 1703.0 2686.2 1506.0 2713.5 1505.9 2713.9 1703.0 潜艇 0
2735.9 1443.0 2707.0 1443.0 2707.0 1241.0 2735.9 1241.0 潜艇 0
2643.9 1432.0 2615.0 1432.0 2615.0 1230.0 2643.9 1230.0 潜艇 0
2688.9 1441.0 2660.0 1441.0 2660.0 1239.0 2688.9 1239.0 潜艇 0
2730.9 1431.2 2727.1 1229.3 2756.0 1228.8 2759.7 1430.7 潜艇 0
2684.9 1432.2 2681.1 1230.3 2710.0 1229.8 2713.7 1431.7 潜艇 0
2639.8 1431.1 2638.2 1229.1 2667.0 1228.9 2668.7 1430.9 潜艇 0
2540.8 1463.1 2539.2 1261.1 2568.0 1260.9 2569.7 1462.9 潜艇 0
3696.9 1071.7 3684.8 488.2 3768.8 486.5 3780.9 1070.0 霍普级 0
4405.6 730.0 4377.6 730.0 4377.9 535.0 4405.9 535.0 潜艇 0
3028.5 544.3 3026.4 316.0 3056.8 315.7 3058.9 544.0 潜艇 0
