939.9 3870.9 522.7 3796.6 536.8 3717.5 954.0 3791.7 刘易斯和克拉克级 0
1092.4 3064.2 816.7 3010.0 823.7 2974.5 1099.4 3028.7 佩里级 0
1033.6 3456.4 751.8 3409.8 758.1 3371.8 1039.9 3418.4 佩里级 0
783.3 2258.3 307.0 2181.6 319.0 2107.2 795.3 2183.9 供应级 0
252.6 7384.6 247.2 7305.3 785.7 7269.1 791.0 7348.4 其他 0
68.9 5744.0 65.4 5666.0 491.0 5647.0 494.5 5725.0 圣安东尼奥级 0
669.9 6120.6 668.6 6096.0 857.3 6085.9 858.7 6110.5 潜艇 0
771.0 3004.4 345.7 2942.6 355.7 2874.2 781.0 2936.0 圣安东尼奥级 0
531.9 6619.3 529.2 6577.6 881.2 6554.3 884.0 6596.0 提康德罗加级 0
1251.9 1990.0 935.9 1942.0 943.6 1891.8 1259.5 1939.8 阿利·伯克级 0
1189.9 2329.0 873.9 2281.0 881.6 2230.8 1197.5 2278.8 阿利·伯克级 0
992.1 3643.0 710.9 3593.2 717.6 3555.2 998.8 3605.1 佩里级 0
633.3 3589.7 250.5 3524.3 261.8 3458.0 644.6 3523.4 惠特贝岛级 0
1053.9 3379.9 542.1 3287.1 562.1 3176.6 1073.9 3269.4 塔瓦拉级 0
159.8 4274.8 157.2 4223.2 476.3 4207.4 478.8 4259.1 阿利·伯克级 0
590.8 4253.8 588.2 4202.2 907.3 4186.4 909.8 4238.1 阿利·伯克级 0
595.7 4358.6 593.3 4306.9 912.3 4291.7 914.8 4343.4 阿利·伯克级 0
54.7 5335.6 52.3 5283.9 371.3 5268.7 373.8 5320.4 阿利·伯克级 0
531.7 5403.6 529.3 5351.9 848.3 5336.7 850.8 5388.4 阿利·伯克级 0
551.7 5694.6 549.3 5642.9 868.3 5627.7 870.8 5679.4 阿利·伯克级 0
576.5 5598.3 574.1 5559.9 859.1 5541.9 861.6 5580.3 佩里级 0
560.7 6522.9 557.4 6467.7 882.6 6448.4 885.8 6503.6 阿利·伯克级 0
114.9 6649.3 112.2 6607.6 464.2 6584.3 467.0 6626.0 提康德罗加级 0
424.7 6059.7 423.7 6035.0 612.5 6026.8 613.6 6051.4 潜艇 0
832.9 1920.0 516.9 1872.0 524.6 1821.8 840.5 1869.8 阿利·伯克级 0
