4538.8 3613.1 4510.3 3572.1 4769.1 3391.8 4797.7 3432.7 其他 0
5754.6 3877.9 5712.5 3814.7 6075.2 3572.8 6117.4 3636.1 其他 0
735.3 464.1 712.0 387.0 1133.4 259.7 1156.7 336.8 刘易斯和克拉克级 0
2231.5 1708.2 1819.9 1620.0 1837.3 1538.9 2248.8 1627.1 其他 0
5808.6 3916.9 5766.5 3853.7 6129.2 3611.8 6171.4 3675.1 其他 0
6156.6 4061.9 6114.5 3998.7 6477.2 3756.8 6519.4 3820.1 其他 0
5421.6 3799.9 5379.5 3736.7 5742.2 3494.8 5784.4 3558.1 其他 0
5384.6 3747.9 5342.5 3684.7 5705.2 3442.8 5747.4 3506.1 其他 0
4555.1 3352.7 4530.5 3314.1 4778.2 3156.4 4802.8 3195.0 其他 0
4294.3 3432.5 4270.5 3395.1 4422.0 3298.6 4445.8 3336.0 其他 0
3219.8 3000.0 3169.6 2939.2 3631.2 2557.6 3681.4 2618.4 霍普级 0
