3957.0 3264.5 3896.0 3175.4 4333.8 2875.5 4394.8 2964.6 黄蜂级 0
5745.1 7968.4 5730.7 7843.0 6249.6 7783.5 6264.0 7908.9 黄蜂级 0
4617.1 3380.5 4586.1 3338.1 4843.6 3149.9 4874.6 3192.3 阿利·伯克级 0
4852.0 4348.1 4796.7 4267.4 5279.1 3936.1 5334.5 4016.8 霍普级 0
5942.0 5282.9 5915.0 5243.3 6205.9 5044.9 6232.9 5084.6 提康德罗加级 0
914.6 953.7 883.1 932.9 974.7 794.0 1006.1 814.7 其他 0
3624.0 2926.9 3579.7 2862.9 4037.0 2546.7 4081.3 2610.8 仁慈级 0
4003.3 3386.9 3975.9 3348.4 4241.6 3159.4 4269.0 3197.9 阿利·伯克级 0
6016.5 6439.3 6009.1 6378.4 6386.2 6332.4 6393.6 6393.3 其他 0
666.5 926.8 634.9 903.1 822.0 653.9 853.6 677.7 阿利·伯克级 0
5678.2 6819.1 5672.0 6771.9 5988.2 6730.3 5994.4 6777.5 阿利·伯克级 0
1723.0 1576.9 1681.7 1550.5 1851.9 1284.5 1893.2 1310.9 其他 0
5000.1 3780.0 4976.1 3747.1 5176.9 3601.3 5200.8 3634.2 其他 0
5298.8 5167.2 5267.0 5120.3 5533.0 4939.9 5564.8 4986.8 阿利·伯克级 0
5135.0 4847.9 5098.9 4796.7 5404.5 4581.4 5440.6 4632.7 惠特贝岛级 0
3796.7 2671.7 3772.7 2638.4 3999.3 2475.3 4023.2 2508.7 佩里级 0
1770.7 1659.9 1730.7 1634.9 1923.0 1328.1 1963.0 1353.2 提康德罗加级 0
4931.1 3724.1 4909.0 3694.2 5138.6 3524.3 5160.7 3554.2 佩里级 0
4534.5 4010.5 4492.0 3951.4 4841.7 3699.4 4884.2 3758.5 圣安东尼奥级 0
5796.2 6352.4 5720.8 6200.5 5754.4 6183.8 5829.8 6335.7 其他 0
6114.2 6764.1 6109.5 6716.3 6457.2 6682.2 6461.9 6730.0 提康德罗加级 0
1542.9 1321.9 1523.3 1307.6 1607.2 1192.5 1626.8 1206.8 复仇者级 0
6266.2 7723.1 6261.4 7686.7 6427.7 7664.8 6432.5 7701.2 其他 0
3338.0 2534.7 3267.9 2492.5 3481.9 2136.9 3552.0 2179.1 刘易斯和克拉克级 0
5482.0 4469.0 5463.8 4444.5 5573.9 4362.4 5592.1 4386.9 复仇者级 0
5744.6 6120.5 5737.7 6060.6 6110.7 6017.7 6117.6 6077.6 惠特贝岛级 0
1383.0 1473.0 1322.6 1431.2 1561.5 1085.9 1621.9 1127.6 圣安东尼奥级 0
5063.0 4774.0 5035.6 4736.1 5266.0 4569.1 5293.4 4607.0 佩里级 0
937.6 1097.3 889.5 1067.0 1100.0 732.7 1148.0 762.9 其他 0
4989.0 3630.8 4970.0 3601.9 5108.6 3510.7 5127.7 3539.6 其他 0
5834.2 6373.0 5830.0 6337.0 5994.9 6317.7 5999.1 6353.8 其他 0
2509.7 1759.2 2473.9 1743.3 2537.8 1599.5 2573.6 1615.4 其他 0
4325.0 3695.3 4294.4 3652.6 4553.8 3467.1 4584.3 3509.8 阿利·伯克级 0
5359.9 5240.3 5332.0 5199.3 5595.2 5020.9 5623.0 5061.9 阿利·伯克级 0
5476.8 5606.7 5449.9 5567.1 5741.1 5369.2 5768.0 5408.8 提康德罗加级 0
5697.8 6942.6 5692.0 6895.3 6008.6 6856.9 6014.4 6904.1 阿利·伯克级 0
5732.1 7809.4 5717.7 7684.0 6236.6 7624.5 6251.0 7749.9 黄蜂级 0
1614.2 1482.0 1572.9 1455.7 1742.7 1189.4 1784.0 1215.7 其他 0
2686.0 1964.0 2631.7 1949.5 2694.2 1714.4 2748.6 1728.8 独立级 0
5834.7 6410.4 5831.0 6379.0 5999.5 6359.3 6003.1 6390.8 其他 0
