1472.9 1137.4 1079.0 1048.0 1092.4 988.9 1486.3 1078.2 凯泽级 0
211.1 426.6 201.0 393.6 476.9 308.9 487.0 342.0 佩里级 0
3989.6 3361.4 3956.1 3307.7 4243.3 3128.5 4276.9 3182.2 其他 0
5626.8 3808.1 5584.2 3747.1 5928.7 3506.5 5971.3 3567.5 其他 0
1734.3 1471.0 1312.8 1378.9 1328.2 1308.0 1749.8 1400.1 其他 0
5579.8 3751.1 5537.2 3690.1 5881.7 3449.5 5924.3 3510.5 其他 0
5279.8 3651.1 5237.2 3590.1 5581.7 3349.5 5624.3 3410.5 其他 0
4885.8 3543.1 4843.2 3482.1 5187.7 3241.5 5230.3 3302.5 其他 0
4837.8 3503.1 4795.2 3442.1 5139.7 3201.5 5182.3 3262.5 其他 0
3987.0 3026.9 3964.0 2990.0 4179.9 2855.3 4202.9 2892.2 其他 0
