1447.0 2455.9 932.1 2370.5 954.9 2232.5 1469.9 2317.9 黄蜂级 0
1316.0 2846.9 897.1 2783.0 908.4 2709.3 1327.2 2773.3 凯泽级 0
2029.0 515.9 1616.0 451.9 1627.2 379.4 2040.2 443.4 凯泽级 0
1284.1 4103.8 1281.7 4056.6 1603.0 4040.6 1605.3 4087.7 阿利·伯克级 0
1147.8 4669.2 1146.2 4626.3 1509.4 4613.0 1511.0 4655.9 提康德罗加级 0
1450.0 1528.9 1125.6 1476.6 1133.3 1429.2 1457.6 1481.5 阿利·伯克级 0
1210.6 3193.9 861.0 3142.8 870.0 3081.8 1219.5 3132.9 奥斯汀级 0
1206.0 3370.0 855.7 3309.9 865.6 3252.0 1215.9 3312.1 奥斯汀级 0
1964.0 771.9 1292.9 655.2 1323.5 479.4 1994.6 596.1 航母 0
926.7 6640.3 922.2 6565.4 1457.9 6533.6 1462.4 6608.5 其他 0
1545.0 422.8 1358.8 394.5 1362.0 373.5 1548.2 401.7 潜艇 0
1776.0 2333.9 1501.9 2289.1 1508.2 2250.3 1782.3 2295.1 佩里级 0
1911.2 1121.2 1239.2 1010.1 1268.3 834.1 1940.3 945.2 航母 0
1540.9 1219.2 1128.0 1154.6 1139.3 1082.1 1552.2 1146.7 凯泽级 0
1886.0 1600.9 1561.6 1548.6 1569.3 1501.2 1893.6 1553.5 阿利·伯克级 0
1905.0 1248.9 1631.2 1207.3 1637.9 1163.3 1911.7 1204.9 其他 0
1691.0 2782.9 1179.5 2698.0 1199.9 2574.5 1711.5 2659.3 塔瓦拉级 0
1179.3 2634.8 904.8 2592.3 910.9 2553.4 1185.4 2595.9 佩里级 0
865.1 4125.8 862.7 4078.6 1184.0 4062.6 1186.3 4109.7 阿利·伯克级 0
1248.3 4004.1 1245.6 3957.0 1566.7 3938.2 1569.4 3985.4 阿利·伯克级 0
860.3 4024.1 857.6 3977.0 1178.7 3958.2 1181.4 4005.4 阿利·伯克级 0
743.3 4604.1 740.6 4557.0 1061.7 4538.2 1064.4 4585.4 阿利·伯克级 0
769.1 4696.8 766.7 4649.6 1088.0 4633.6 1090.3 4680.7 阿利·伯克级 0
723.1 4890.8 720.7 4843.6 1042.0 4827.6 1044.3 4874.7 阿利·伯克级 0
1170.7 4955.9 1169.2 4913.0 1532.5 4900.3 1534.0 4943.2 提康德罗加级 0
724.7 4980.9 723.2 4938.0 1086.5 4925.3 1088.0 4968.2 提康德罗加级 0
1335.4 5311.5 1333.8 5284.6 1514.0 5273.9 1515.6 5300.8 潜艇 0
1339.2 5385.7 1337.7 5359.5 1520.4 5348.6 1522.0 5374.9 潜艇 0
1102.2 5400.7 1100.7 5374.5 1283.4 5363.6 1285.0 5389.9 潜艇 0
1084.4 5331.5 1082.8 5304.6 1263.0 5293.9 1264.6 5320.8 潜艇 0
810.1 5913.8 807.7 5866.6 1129.0 5850.6 1131.3 5897.7 阿利·伯克级 0
771.6 5813.3 768.9 5770.5 1131.6 5746.9 1134.3 5789.7 提康德罗加级 0
1249.6 6240.0 1246.9 6197.2 1609.6 6174.2 1612.3 6217.0 提康德罗加级 0
1195.3 5881.5 1193.0 5838.7 1555.9 5818.7 1558.2 5861.5 提康德罗加级 0
861.7 6272.7 858.4 6225.6 1179.4 6203.6 1182.6 6250.7 阿利·伯克级 0
854.3 6349.9 851.6 6302.7 1172.7 6284.5 1175.4 6331.6 阿利·伯克级 0
1274.8 6315.9 1272.2 6276.7 1549.4 6258.3 1552.0 6297.5 佩里级 0
